Date,Open,High,Low,Close,Volume,Series,TOTAL_TRADES,QTY_PER_TRADE,DLV_QTY
2009-06-05,51.8,52.9,48.35,48.7,1080877,EQ,,,
2009-06-08,49.0,49.35,44.0,44.5,547061,EQ,,,
2009-06-09,43.5,45.9,41.6,45.55,580357,EQ,,,
2009-06-10,45.9,47.75,45.05,45.75,555810,EQ,,,
2009-06-11,45.75,46.0,43.55,44.2,342040,EQ,,,
2009-06-12,42.35,45.05,42.0,43.1,328969,EQ,,,
2009-06-15,42.3,43.0,40.4,40.6,591397,EQ,,,
2009-06-16,40.0,42.4,39.15,42.0,416049,EQ,,,
2009-06-17,42.1,45.0,40.7,41.25,422202,EQ,,,
2009-06-18,41.45,42.4,39.05,39.7,412155,EQ,,,
2009-06-19,40.9,41.25,39.5,40.3,207869,EQ,,,
2009-06-22,40.85,41.85,40.0,40.35,210114,EQ,,,
2009-06-23,39.6,39.95,38.55,39.55,195383,EQ,,,
2009-06-24,40.0,41.75,39.65,41.45,340290,EQ,,,
2009-06-25,41.5,42.25,40.6,40.9,186168,EQ,,,
2009-06-26,41.8,41.8,41.0,41.4,113185,EQ,,,
2009-06-29,41.95,44.45,41.7,43.3,545332,EQ,,,
2009-06-30,44.0,44.0,40.65,41.35,216078,EQ,,,
2009-07-01,42.0,42.5,40.65,41.4,210833,EQ,,,
2009-07-02,41.6,42.25,40.8,41.2,166690,EQ,,,
2009-07-03,41.25,41.5,40.6,41.3,166449,EQ,,,
2009-07-06,41.7,42.8,38.3,38.75,319127,EQ,,,
2009-07-07,38.8,39.95,38.1,38.9,182065,EQ,,,
2009-07-08,39.0,39.5,35.65,36.55,225149,EQ,,,
2009-07-09,37.45,38.9,36.2,38.55,234310,EQ,,,
2009-07-10,39.0,40.6,38.1,38.6,342335,EQ,,,
2009-07-13,39.0,41.2,37.2,37.65,1135178,EQ,,,
2009-07-14,38.7,39.9,38.0,38.45,387046,EQ,,,
2009-07-15,38.65,39.9,38.5,39.35,355985,EQ,,,
2009-07-16,40.1,40.45,39.0,39.3,301155,EQ,,,
2009-07-17,39.6,40.0,39.5,39.8,232518,EQ,,,
2009-07-20,40.1,40.8,40.0,40.15,230087,EQ,,,
2009-07-21,40.2,40.95,39.9,40.3,258323,EQ,,,
2009-07-22,40.7,42.9,40.15,40.55,736953,EQ,,,
2009-07-23,41.0,41.65,40.8,41.15,246811,EQ,,,
2009-07-24,41.85,41.9,40.8,41.15,277469,EQ,,,
2009-07-27,41.25,41.45,40.1,40.6,224765,EQ,,,
2009-07-28,41.35,42.7,40.8,41.85,411996,EQ,,,
2009-07-29,41.2,42.65,40.6,40.9,351628,EQ,,,
2009-07-30,40.9,41.35,40.3,41.0,155062,EQ,,,
2009-07-31,41.8,43.7,41.75,42.4,639650,EQ,,,
2009-08-03,42.35,42.9,42.0,42.5,281321,EQ,,,
2009-08-04,42.8,43.9,42.0,42.3,442517,EQ,,,
2009-08-05,42.45,43.2,42.1,42.35,241051,EQ,,,
2009-08-06,42.0,43.6,41.5,41.75,376086,EQ,,,
2009-08-07,42.0,42.3,39.1,39.8,383772,EQ,,,
2009-08-10,40.5,40.95,39.5,39.65,167712,EQ,,,
2009-08-11,39.85,40.3,39.25,39.6,143672,EQ,,,
2009-08-12,38.2,39.6,37.0,39.05,136471,EQ,,,
2009-08-13,40.25,42.0,39.65,41.3,311547,EQ,,,
2009-08-14,41.9,42.0,40.55,40.75,163332,EQ,,,
2009-08-17,39.5,40.25,38.75,38.9,149361,EQ,,,
2009-08-18,39.05,40.0,38.6,39.45,115552,EQ,,,
2009-08-19,38.1,40.35,38.0,38.75,177631,EQ,,,
2009-08-20,39.7,39.7,39.0,39.0,117389,EQ,,,
2009-08-21,39.0,42.4,38.5,40.85,489317,EQ,,,
2009-08-24,42.4,42.4,40.85,41.5,284001,EQ,,,
2009-08-25,41.4,42.0,40.55,41.45,205719,EQ,,,
2009-08-26,41.45,47.9,41.45,46.65,1975823,EQ,,,
2009-08-27,43.0,46.95,43.0,45.05,745778,EQ,,,
2009-08-28,45.5,45.85,43.4,44.45,389240,EQ,,,
2009-08-31,43.7,45.8,43.6,44.4,356227,EQ,,,
2009-09-01,44.85,45.5,42.4,42.8,342687,EQ,,,
2009-09-02,42.0,43.45,42.0,42.6,151488,EQ,,,
2009-09-03,43.0,43.65,42.1,42.95,233247,EQ,,,
2009-09-04,44.45,47.15,44.25,45.8,1277648,EQ,,,
2009-09-07,46.6,47.0,45.6,46.3,523001,EQ,,,
2009-09-08,47.0,47.2,44.7,44.9,448380,EQ,,,
2009-09-09,44.1,46.4,44.1,44.65,365368,EQ,,,
2009-09-10,45.0,45.9,43.55,43.95,315222,EQ,,,
2009-09-11,43.7,44.75,43.2,43.65,190374,EQ,,,
2009-09-14,43.15,44.75,42.75,43.85,228419,EQ,,,
2009-09-15,44.4,44.7,43.5,44.0,177402,EQ,,,
2009-09-16,44.4,44.75,44.15,44.3,228304,EQ,,,
2009-09-17,44.9,46.4,44.3,44.95,537041,EQ,,,
2009-09-18,44.7,45.9,44.3,44.85,231460,EQ,,,
2009-09-22,45.4,45.5,44.6,44.7,164649,EQ,,,
2009-09-23,44.7,45.1,44.1,44.35,188525,EQ,,,
2009-09-24,44.15,44.15,42.55,43.45,203143,EQ,,,
2009-09-25,43.25,45.6,43.0,44.4,274172,EQ,,,
2009-09-29,45.3,45.4,44.35,44.6,220829,EQ,,,
2009-09-30,44.8,47.9,44.7,46.95,1525622,EQ,,,
2009-10-01,46.9,47.2,45.55,45.85,516547,EQ,,,
2009-10-05,44.5,46.5,44.15,44.75,340937,EQ,,,
2009-10-06,45.2,45.4,43.5,44.4,236752,EQ,,,
2009-10-07,45.0,45.5,44.6,44.75,198685,EQ,,,
2009-10-08,45.0,45.5,44.3,44.5,259670,EQ,,,
2009-10-09,45.8,45.8,44.2,44.4,399991,EQ,,,
2009-10-12,45.0,46.2,45.0,45.6,493395,EQ,,,
2009-10-14,46.0,47.2,45.55,45.75,742408,EQ,,,
2009-10-15,46.75,46.8,45.0,45.1,337809,EQ,,,
2009-10-16,45.4,45.5,44.7,44.8,194158,EQ,,,
2009-10-17,45.5,45.5,44.55,44.9,108872,EQ,,,
2009-10-20,45.15,45.15,44.0,44.15,266982,EQ,,,
2009-10-21,44.15,44.8,43.65,44.25,211196,EQ,,,
2009-10-22,43.7,44.5,43.1,43.3,228661,EQ,,,
2009-10-23,43.6,44.25,37.9,42.5,311832,EQ,,,
2009-10-26,43.0,43.95,41.65,41.95,218823,EQ,,,
2009-10-27,40.8,41.7,39.7,39.85,233746,EQ,,,
2009-10-28,39.85,40.2,38.2,39.6,214876,EQ,,,
2009-10-29,39.0,39.35,38.4,38.95,162985,EQ,,,
2009-10-30,40.0,40.3,37.3,37.9,235893,EQ,,,
2009-11-03,38.05,38.45,36.15,36.55,148010,EQ,,,
2009-11-04,37.3,37.95,35.75,37.1,228750,EQ,,,
2009-11-05,37.35,38.0,36.5,37.7,252986,EQ,,,
2009-11-06,38.2,39.5,37.95,38.7,249131,EQ,,,
2009-11-09,38.95,39.8,38.7,39.3,141198,EQ,,,
2009-11-10,40.5,40.85,39.4,39.6,133955,EQ,,,
2009-11-11,39.6,40.3,39.25,40.15,140036,EQ,,,
2009-11-12,40.5,40.95,39.15,39.6,157013,EQ,,,
2009-11-13,40.0,40.2,38.35,38.65,185277,EQ,,,
2009-11-16,39.85,40.45,38.6,39.6,243511,EQ,,,
2009-11-17,39.8,39.8,38.9,39.4,100403,EQ,,,
2009-11-18,39.6,39.6,34.0,38.6,222751,EQ,,,
2009-11-19,38.8,39.9,37.1,37.6,154632,EQ,,,
2009-11-20,37.5,38.25,37.0,38.0,140423,EQ,,,
2009-11-23,38.3,38.7,37.2,37.5,133336,EQ,,,
2009-11-24,37.5,38.65,37.2,38.25,190118,EQ,,,
2009-11-25,38.55,38.9,37.4,37.55,118985,EQ,,,
2009-11-26,37.6,37.95,36.8,37.05,125093,EQ,,,
2009-11-27,36.2,36.6,35.1,36.1,206680,EQ,,,
2009-11-30,36.5,37.0,36.3,36.7,139240,EQ,,,
2009-12-01,36.95,37.3,35.0,36.9,230404,EQ,,,
2009-12-02,35.2,38.8,30.55,37.7,328997,EQ,,,
2009-12-03,38.0,38.5,37.75,37.95,169042,EQ,,,
2009-12-04,38.0,38.5,37.2,37.35,238402,EQ,,,
2009-12-07,37.3,38.15,37.05,37.4,111238,EQ,,,
2009-12-08,37.5,38.4,37.15,38.05,131971,EQ,,,
2009-12-09,38.0,38.2,37.3,37.5,131558,EQ,,,
2009-12-10,37.5,44.4,37.5,43.2,2098744,EQ,,,
2009-12-11,44.0,44.4,40.45,40.8,975052,EQ,,,
2009-12-14,40.7,41.3,39.75,40.0,226083,EQ,,,
2009-12-15,40.1,40.25,38.6,38.8,220112,EQ,,,
2009-12-16,38.9,38.95,38.1,38.7,145997,EQ,,,
2009-12-17,39.0,40.8,38.45,39.05,328750,EQ,,,
2009-12-18,39.0,39.4,38.4,38.6,140033,EQ,,,
2009-12-21,38.65,39.0,37.8,38.1,98183,EQ,,,
2009-12-22,38.55,39.1,38.3,38.65,117700,EQ,,,
2009-12-23,38.65,39.4,38.65,39.25,129888,EQ,,,
2009-12-24,39.9,39.9,38.85,39.15,142496,EQ,,,
2009-12-29,39.25,39.65,39.1,39.35,142580,EQ,,,
2009-12-30,39.4,40.0,39.35,39.65,146857,EQ,,,
2009-12-31,40.45,41.75,39.85,40.65,500606,EQ,,,
2010-01-04,41.4,41.9,40.8,41.2,253241,EQ,,,
2010-01-05,41.8,42.4,41.25,41.95,424545,EQ,,,
2010-01-06,42.45,43.5,41.8,42.75,622278,EQ,,,
2010-01-07,42.95,43.65,42.55,42.8,400190,EQ,,,
2010-01-08,39.95,44.3,39.95,43.0,638758,EQ,,,
2010-01-11,43.5,44.35,42.55,42.75,550445,EQ,,,
2010-01-12,43.4,43.8,41.15,41.3,547415,EQ,,,
2010-01-13,41.0,41.2,40.0,40.8,283062,EQ,,,
2010-01-14,41.5,41.75,40.65,41.1,258485,EQ,,,
2010-01-15,41.3,41.5,40.6,40.7,158984,EQ,,,
2010-01-18,41.25,41.25,39.9,40.3,216585,EQ,,,
2010-01-19,40.2,41.5,40.15,40.3,227617,EQ,,,
2010-01-20,40.5,41.3,40.2,40.3,167267,EQ,,,
2010-01-21,40.0,40.6,39.1,39.3,206514,EQ,,,
2010-01-22,38.05,38.9,37.3,38.2,306861,EQ,,,
2010-01-25,37.2,39.15,37.2,38.15,144820,EQ,,,
2010-01-27,37.5,38.2,36.5,36.65,214276,EQ,,,
2010-01-28,37.5,37.6,36.05,36.65,175877,EQ,,,
2010-01-29,36.0,37.4,35.6,37.1,201115,EQ,,,
2010-02-01,37.5,37.5,36.85,37.25,82185,EQ,,,
2010-02-02,37.6,37.85,36.55,36.75,116765,EQ,,,
2010-02-03,36.9,37.35,36.55,36.75,99584,EQ,,,
2010-02-04,38.15,38.15,36.05,36.25,124828,EQ,,,
2010-02-05,35.6,36.0,35.0,35.15,191257,EQ,,,
2010-02-06,35.1,36.0,35.1,35.65,27840,EQ,,,
2010-02-08,36.0,36.0,35.15,35.65,91769,EQ,,,
2010-02-09,35.75,35.85,35.4,35.75,62703,EQ,,,
2010-02-10,36.4,36.4,35.7,36.0,110281,EQ,,,
2010-02-11,36.0,36.75,36.0,36.2,65888,EQ,,,
2010-02-15,36.25,36.55,36.0,36.2,63650,EQ,,,
2010-02-16,36.25,36.25,35.25,35.95,65229,EQ,,,
2010-02-17,36.2,37.25,35.5,35.85,175075,EQ,,,
2010-02-18,36.5,37.35,36.1,36.35,216123,EQ,,,
2010-02-19,36.25,36.25,35.2,35.65,86087,EQ,,,
2010-02-22,36.85,36.95,35.4,35.5,81881,EQ,,,
2010-02-23,35.65,35.75,34.55,34.75,118920,EQ,,,
2010-02-24,34.75,34.95,34.1,34.3,74780,EQ,,,
2010-02-25,34.5,34.9,34.4,34.6,62045,EQ,,,
2010-02-26,34.35,35.7,34.35,35.15,111488,EQ,,,
2010-03-02,35.5,36.35,35.5,36.0,101351,EQ,,,
2010-03-03,36.4,36.8,36.0,36.55,110356,EQ,,,
2010-03-04,36.7,36.9,36.3,36.4,90896,EQ,,,
2010-03-05,36.9,37.0,36.35,36.45,108791,EQ,,,
2010-03-08,37.1,37.1,36.0,36.15,106551,EQ,,,
2010-03-09,36.1,36.2,35.55,35.55,74669,EQ,,,
2010-03-10,35.6,36.2,35.3,35.45,55980,EQ,,,
2010-03-11,35.4,35.75,34.95,35.05,73854,EQ,,,
2010-03-12,35.4,35.6,35.0,35.1,81716,EQ,,,
2010-03-15,35.0,35.3,34.05,34.35,97196,EQ,,,
2010-03-16,34.45,34.85,34.1,34.55,96961,EQ,,,
2010-03-17,34.65,35.5,34.65,35.1,139087,EQ,,,
2010-03-18,35.2,35.6,34.75,35.1,59188,EQ,,,
2010-03-19,36.9,36.9,34.8,34.9,79438,EQ,,,
2010-03-22,34.3,34.9,34.0,34.25,86680,EQ,,,
2010-03-23,34.75,34.75,34.0,34.1,70217,EQ,,,
2010-03-25,34.1,34.45,33.75,33.9,113442,EQ,,,
2010-03-26,34.9,34.9,33.75,33.85,139638,EQ,,,
2010-03-29,34.0,34.5,32.8,33.0,238204,EQ,,,
2010-03-30,33.0,37.8,33.0,36.55,1079684,EQ,,,
2010-03-31,37.0,37.9,36.6,36.75,723778,EQ,,,
2010-04-01,36.9,37.8,36.1,37.4,257061,EQ,,,
2010-04-05,37.5,38.2,37.5,37.85,297988,EQ,,,
2010-04-06,38.05,38.25,37.0,37.8,207826,EQ,,,
2010-04-07,38.0,38.4,37.5,37.7,178651,EQ,,,
2010-04-08,37.5,40.45,37.25,39.7,905915,EQ,,,
2010-04-09,41.4,45.0,41.0,43.0,2711175,EQ,,,
2010-04-12,43.6,43.6,41.5,41.65,773445,EQ,,,
2010-04-13,41.65,43.8,39.8,40.45,1209355,EQ,,,
2010-04-15,41.25,41.85,39.05,39.45,692982,EQ,,,
2010-04-16,39.5,40.5,38.55,38.9,389284,EQ,,,
2010-04-19,37.5,38.55,37.15,37.45,449239,EQ,,,
2010-04-20,37.5,38.75,37.4,38.15,322207,EQ,,,
2010-04-21,38.95,39.5,38.0,38.3,320978,EQ,,,
2010-04-22,37.6,39.0,37.6,38.05,210852,EQ,,,
2010-04-23,37.1,38.8,37.0,37.45,1553578,EQ,,,
2010-04-26,38.0,38.0,36.9,37.05,538954,EQ,,,
2010-04-27,37.05,37.95,36.1,36.35,317231,EQ,,,
2010-04-28,35.5,37.4,35.5,36.45,484761,EQ,,,
2010-04-29,36.65,36.95,36.3,36.55,113807,EQ,,,
2010-04-30,37.9,37.9,36.55,36.7,173467,EQ,,,
2010-05-03,37.2,38.3,36.9,37.1,210558,EQ,,,
2010-05-04,37.0,37.85,36.45,36.6,338269,EQ,,,
2010-05-05,35.5,36.35,35.15,36.0,234234,EQ,,,
2010-05-06,35.75,36.25,35.5,35.8,141171,EQ,,,
2010-05-07,35.1,35.35,34.25,34.5,210008,EQ,,,
2010-05-10,35.25,37.9,34.8,36.95,340111,EQ,,,
2010-05-11,36.9,36.9,35.85,36.0,122132,EQ,,,
2010-05-12,36.0,36.1,35.1,35.55,83374,EQ,,,
2010-05-13,35.1,36.45,35.1,35.65,109507,EQ,,,
2010-05-14,35.25,36.15,34.95,35.1,108035,EQ,,,
2010-05-17,34.75,34.75,33.75,34.55,154249,EQ,,,
2010-05-18,34.7,35.1,34.4,34.6,151366,EQ,,,
2010-05-19,33.9,35.3,33.5,33.85,197700,EQ,,,
2010-05-20,35.0,35.0,33.7,33.85,93587,EQ,,,
2010-05-21,33.5,33.75,32.9,33.2,156576,EQ,,,
2010-05-24,33.85,34.3,33.55,33.8,117065,EQ,,,
2010-05-25,33.25,33.5,32.7,32.95,126002,EQ,,,
2010-05-26,33.1,33.5,33.0,33.1,78797,EQ,,,
2010-05-27,33.2,33.6,33.05,33.5,149042,EQ,,,
2010-05-28,34.0,36.25,33.55,35.0,1643448,EQ,,,
2010-05-31,35.4,35.75,34.2,34.4,342745,EQ,,,
2010-06-01,34.4,35.15,33.75,33.95,186259,EQ,,,
2010-06-02,34.5,34.5,33.6,33.95,131688,EQ,,,
2010-06-03,34.75,34.8,33.95,34.15,205807,EQ,,,
2010-06-04,34.2,34.5,33.85,34.3,189623,EQ,,,
2010-06-07,33.5,33.85,33.2,33.35,127363,EQ,,,
2010-06-08,33.3,34.45,33.3,33.5,163867,EQ,,,
2010-06-09,33.6,34.05,33.5,33.65,89257,EQ,,,
2010-06-10,33.3,34.0,33.15,33.4,153104,EQ,,,
2010-06-11,33.65,34.4,33.6,33.8,194617,EQ,,,
2010-06-14,34.05,34.4,33.8,33.95,150479,EQ,,,
2010-06-15,34.05,34.3,33.7,33.95,234051,EQ,,,
2010-06-16,34.2,34.2,33.8,33.9,206904,EQ,,,
2010-06-17,34.2,34.2,33.65,33.95,145981,EQ,,,
2010-06-18,34.0,34.15,33.35,33.45,125934,EQ,,,
2010-06-21,33.55,34.45,33.55,33.95,193348,EQ,,,
2010-06-22,33.7,33.95,33.55,33.7,113803,EQ,,,
2010-06-23,33.8,33.9,33.6,33.65,111868,EQ,,,
2010-06-24,33.65,34.0,33.1,33.6,186180,EQ,,,
2010-06-25,33.6,34.2,33.6,33.8,147577,EQ,,,
2010-06-28,33.8,34.4,33.6,34.0,261543,EQ,,,
2010-06-29,34.0,36.2,33.9,34.9,1439837,EQ,,,
2010-06-30,35.7,36.3,34.3,35.85,642893,EQ,,,
2010-07-01,35.85,37.15,35.1,36.45,973747,EQ,,,
2010-07-02,36.6,37.85,36.5,37.0,942844,EQ,,,
2010-07-05,37.4,37.7,36.4,36.5,196075,EQ,,,
2010-07-06,36.6,36.95,36.05,36.55,303422,EQ,,,
2010-07-07,36.8,37.0,35.75,36.15,447766,EQ,,,
2010-07-08,36.0,36.4,34.45,34.75,769611,EQ,,,
2010-07-09,34.45,35.5,34.45,34.9,458569,EQ,,,
2010-07-12,35.5,36.0,34.1,34.7,1078872,EQ,,,
2010-07-13,35.45,35.45,33.6,33.9,560161,EQ,,,
2010-07-14,34.4,34.4,33.3,33.4,295397,EQ,,,
2010-07-15,33.7,33.7,32.6,32.95,364961,EQ,,,
2010-07-16,37.0,37.0,32.35,32.5,821905,EQ,,,
2010-07-19,32.0,32.85,31.9,32.05,305413,EQ,,,
2010-07-20,32.1,32.35,31.4,31.5,525426,EQ,,,
2010-07-21,31.9,32.0,31.35,31.75,277922,EQ,,,
2010-07-22,31.85,31.85,31.3,31.4,215901,EQ,,,
2010-07-23,31.6,31.95,31.15,31.55,264919,EQ,,,
2010-07-26,32.4,32.4,31.4,31.5,145342,EQ,,,
2010-07-27,31.8,31.8,31.05,31.1,150306,EQ,,,
2010-07-28,31.2,31.45,30.75,30.85,181176,EQ,,,
2010-07-29,34.0,34.0,30.45,31.0,258150,EQ,,,
2010-07-30,30.75,31.5,30.5,31.0,142511,EQ,,,
2010-08-02,31.8,31.8,30.8,31.4,165779,EQ,,,
2010-08-03,31.2,31.8,31.0,31.2,217776,EQ,,,
2010-08-04,31.4,31.7,31.0,31.1,159454,EQ,,,
2010-08-05,31.1,31.9,31.1,31.45,249745,EQ,,,
2010-08-06,31.45,32.65,31.45,32.1,430568,EQ,,,
2010-08-09,32.15,32.65,31.8,32.05,182434,EQ,,,
2010-08-10,32.35,32.35,31.1,31.2,169282,EQ,,,
2010-08-11,31.2,31.6,31.0,31.15,175595,EQ,,,
2010-08-12,30.95,31.35,30.75,31.0,209529,EQ,,,
2010-08-13,30.9,31.45,30.9,31.05,159462,EQ,,,
2010-08-16,31.35,31.7,31.05,31.55,234032,EQ,,,
2010-08-17,35.0,35.0,31.4,32.35,338447,EQ,,,
2010-08-18,32.95,33.0,32.1,32.1,178534,EQ,,,
2010-08-19,32.9,32.9,32.0,32.1,142426,EQ,,,
2010-08-20,32.0,32.9,31.55,32.35,366091,EQ,,,
2010-08-23,32.5,32.5,31.95,32.05,151495,EQ,,,
2010-08-24,36.0,36.0,31.75,31.9,90091,EQ,,,
2010-08-25,32.4,32.4,31.55,31.65,78545,EQ,,,
2010-08-26,31.65,32.25,31.5,31.9,127014,EQ,,,
2010-08-27,35.7,35.7,31.2,31.35,98961,EQ,,,
2010-08-30,31.7,31.85,31.1,31.2,96025,EQ,,,
2010-08-31,31.0,31.2,30.5,30.65,94710,EQ,,,
2010-09-01,35.4,35.4,30.5,31.0,103921,EQ,,,
2010-09-02,35.25,35.25,31.0,31.7,241052,EQ,,,
2010-09-03,38.0,38.0,31.65,32.55,286687,EQ,,,
2010-09-06,33.0,33.7,32.5,33.15,345853,EQ,,,
2010-09-07,39.5,39.5,32.95,33.85,618617,EQ,,,
2010-09-08,33.6,34.4,33.3,33.55,323327,EQ,,,
2010-09-09,35.5,35.5,33.6,34.0,170607,EQ,,,
2010-09-13,38.8,38.8,33.85,34.3,348588,EQ,,,
2010-09-14,34.75,34.75,33.55,33.65,225677,EQ,,,
2010-09-15,33.65,35.3,33.5,34.75,694079,EQ,,,
2010-09-16,35.05,35.05,34.05,34.25,241609,EQ,,,
2010-09-17,34.65,34.75,33.85,34.45,285690,EQ,,,
2010-09-20,34.75,35.7,34.7,34.9,492755,EQ,,,
2010-09-21,37.9,37.9,34.15,34.4,290817,EQ,,,
2010-09-22,35.05,35.05,34.0,34.05,269469,EQ,,,
2010-09-23,34.0,34.4,33.5,33.6,148126,EQ,,,
2010-09-24,33.35,34.0,33.05,33.4,212026,EQ,,,
2010-09-27,33.6,34.0,33.25,33.65,431787,EQ,,,
2010-09-28,33.65,35.85,33.45,35.5,1077401,EQ,,,
2010-09-29,35.9,37.2,35.05,35.85,1656422,EQ,,,
2010-09-30,35.65,36.05,34.8,35.7,463948,EQ,,,
2010-10-01,36.1,37.35,35.5,36.55,1204848,EQ,,,
2010-10-04,37.0,39.4,37.0,37.9,2030330,EQ,,,
2010-10-05,38.2,38.55,37.6,38.25,548803,EQ,,,
2010-10-06,38.75,39.65,38.15,38.8,993373,EQ,,,
2010-10-07,39.0,39.5,36.75,37.1,830981,EQ,,,
2010-10-08,38.4,38.4,36.7,37.5,492447,EQ,,,
2010-10-11,37.75,38.75,37.25,37.95,392876,EQ,,,
2010-10-12,38.1,38.7,37.55,38.1,314222,EQ,,,
2010-10-13,38.7,38.7,37.8,38.1,372966,EQ,,,
2010-10-14,38.6,38.6,37.1,37.35,269992,EQ,,,
2010-10-15,38.25,38.25,35.05,35.25,692952,EQ,,,
2010-10-18,35.0,35.0,33.65,34.3,364753,EQ,,,
2010-10-19,35.0,35.2,34.25,34.5,269787,EQ,,,
2010-10-20,34.25,34.45,33.5,33.6,234772,EQ,,,
2010-10-21,34.5,35.35,34.0,34.85,407874,EQ,,,
2010-10-22,35.1,35.1,34.1,34.2,158677,EQ,,,
2010-10-25,34.85,34.9,34.4,34.7,203048,EQ,,,
2010-10-26,35.9,35.9,34.25,35.15,257898,EQ,,,
2010-10-27,35.3,35.5,34.75,35.05,254488,EQ,,,
2010-10-28,34.85,36.1,34.85,35.6,357104,EQ,,,
2010-10-29,35.8,35.8,34.35,35.15,285978,EQ,,,
2010-11-01,35.0,37.7,35.0,37.05,485003,EQ,,,
2010-11-02,37.5,38.2,36.85,37.8,428050,EQ,,,
2010-11-03,37.65,38.6,37.6,38.1,406836,EQ,,,
2010-11-04,38.6,38.7,37.2,37.85,239753,EQ,,,
2010-11-05,38.7,39.0,37.5,37.6,81960,EQ,,,
2010-11-08,38.1,38.15,36.0,37.65,273651,EQ,,,
2010-11-09,37.45,38.9,37.3,38.0,295867,EQ,,,
2010-11-10,37.95,39.85,37.6,38.85,662117,EQ,,,
2010-11-11,39.7,40.1,38.3,38.5,614267,EQ,,,
2010-11-12,38.0,38.5,36.85,37.3,353066,EQ,,,
2010-11-15,37.3,38.15,36.5,37.65,339887,EQ,,,
2010-11-16,37.25,37.75,36.45,36.6,351090,EQ,,,
2010-11-18,37.0,40.0,36.5,37.4,517497,EQ,,,
2010-11-19,36.6,38.3,36.5,37.4,488933,EQ,,,
2010-11-22,37.4,37.75,36.6,37.5,166879,EQ,,,
2010-11-23,36.65,37.5,34.5,36.5,180484,EQ,,,
2010-11-24,36.4,37.15,35.55,36.1,99206,EQ,,,
2010-11-25,36.75,36.75,35.4,35.6,153888,EQ,,,
2010-11-26,35.6,35.9,28.5,33.6,439624,EQ,,,
2010-11-29,33.5,34.1,33.0,33.55,183839,EQ,,,
2010-11-30,33.05,34.45,32.9,34.15,190039,EQ,,,
2010-12-01,34.3,35.4,34.0,34.95,199760,EQ,,,
2010-12-02,35.5,35.85,34.95,35.15,162085,EQ,,,
2010-12-03,35.05,35.45,34.7,35.15,113392,EQ,,,
2010-12-06,35.1,35.5,34.35,34.5,94071,EQ,,,
2010-12-07,34.1,34.9,33.5,33.7,113741,EQ,,,
2010-12-08,33.25,33.85,32.55,32.9,109595,EQ,,,
2010-12-09,33.0,33.35,31.5,32.25,185463,EQ,,,
2010-12-10,32.05,33.1,31.05,32.55,127699,EQ,,,
2010-12-13,32.95,33.2,32.45,33.05,71005,EQ,,,
2010-12-14,33.0,33.65,33.0,33.2,79595,EQ,,,
2010-12-15,33.25,34.2,33.0,33.15,75570,EQ,,,
2010-12-16,33.0,33.5,32.8,33.25,59754,EQ,,,
2010-12-20,32.95,33.8,32.9,33.3,99897,EQ,,,
2010-12-21,33.4,33.85,33.15,33.3,143545,EQ,,,
2010-12-22,33.0,33.6,33.0,33.4,90626,EQ,,,
2010-12-23,33.05,33.4,33.05,33.2,52974,EQ,,,
2010-12-24,33.0,33.15,32.6,32.9,51965,EQ,,,
2010-12-27,32.4,33.0,32.4,32.75,39876,EQ,,,
2010-12-28,32.25,33.4,32.25,32.65,53951,EQ,,,
2010-12-29,32.65,33.1,32.5,32.65,55808,EQ,,,
2010-12-30,32.55,33.4,32.45,32.55,89583,EQ,,,
2010-12-31,33.2,33.4,32.6,32.9,88393,EQ,,,
2011-01-03,33.5,33.55,32.9,33.4,110338,EQ,,,
2011-01-04,33.05,34.35,33.05,34.0,105798,EQ,,,
2011-01-05,34.0,34.25,33.0,33.3,128062,EQ,,,
2011-01-06,33.45,33.45,32.5,32.55,110286,EQ,,,
2011-01-07,32.2,32.9,32.0,32.15,96688,EQ,,,
2011-01-10,32.0,32.6,31.0,31.2,125270,EQ,,,
2011-01-11,31.7,32.4,30.4,30.65,156537,EQ,,,
2011-01-12,31.1,31.35,30.15,30.8,199575,EQ,,,
2011-01-13,30.9,31.65,30.3,30.45,152007,EQ,,,
2011-01-14,30.2,30.65,29.65,29.8,172627,EQ,,,
2011-01-17,29.8,29.8,28.3,28.5,167925,EQ,,,
2011-01-18,28.6,29.5,28.5,28.9,181933,EQ,,,
2011-01-19,29.2,29.2,28.4,28.5,98157,EQ,,,
2011-01-20,28.5,28.5,27.5,27.95,152643,EQ,,,
2011-01-21,28.3,28.3,27.6,27.85,96613,EQ,,,
2011-01-24,28.25,29.1,27.95,28.8,131775,EQ,,,
2011-01-25,29.0,29.3,28.15,28.3,62686,EQ,,,
2011-01-27,28.8,28.8,27.85,28.05,63075,EQ,,,
2011-01-28,28.05,28.45,26.55,26.8,164099,EQ,,,
2011-01-31,27.0,27.0,25.7,25.95,170575,EQ,,,
2011-02-01,26.0,26.5,25.9,26.0,75624,EQ,,,
2011-02-02,26.25,26.7,26.1,26.3,49275,EQ,,,
2011-02-03,26.1,27.0,26.1,26.8,50217,EQ,,,
2011-02-04,26.5,27.0,25.75,26.25,122887,EQ,,,
2011-02-07,26.3,29.8,26.0,26.45,60072,EQ,,,
2011-02-08,26.5,26.95,25.45,25.55,53713,EQ,,,
2011-02-09,26.0,26.0,23.5,24.45,292667,EQ,,,
2011-02-10,25.0,25.0,23.55,23.75,84641,EQ,,,
2011-02-11,24.0,24.25,23.15,24.15,108074,EQ,,,
2011-02-14,25.0,25.5,24.35,25.3,102690,EQ,,,
2011-02-15,26.0,26.0,25.0,25.45,69328,EQ,,,
2011-02-16,25.85,25.9,25.0,25.2,68709,EQ,,,
2011-02-17,25.1,25.95,25.05,25.8,55823,EQ,,,
2011-02-18,25.95,26.5,25.0,25.15,66827,EQ,,,
2011-02-21,25.85,25.85,24.75,25.2,65071,EQ,,,
2011-02-22,24.55,25.0,24.35,24.6,41478,EQ,,,
2011-02-23,24.3,24.85,24.1,24.3,62412,EQ,,,
2011-02-24,24.65,24.65,22.9,23.65,72703,EQ,,,
2011-02-25,24.5,24.5,23.15,23.5,185592,EQ,,,
2011-02-28,24.5,24.5,23.55,23.65,60275,EQ,,,
2011-03-01,23.5,24.15,23.35,24.0,86374,EQ,,,
2011-03-03,24.1,24.5,23.7,23.8,116187,EQ,,,
2011-03-04,24.0,24.45,23.75,24.05,52872,EQ,,,
2011-03-07,24.0,24.0,22.8,22.95,129224,EQ,,,
2011-03-08,23.3,23.4,23.0,23.05,113645,EQ,,,
2011-03-09,23.15,23.4,23.0,23.05,68349,EQ,,,
2011-03-10,23.4,23.4,22.2,22.95,139208,EQ,,,
2011-03-11,22.25,23.3,22.25,22.7,126707,EQ,,,
2011-03-14,23.3,23.3,22.3,22.8,110704,EQ,,,
2011-03-15,22.9,22.9,22.05,22.4,123594,EQ,,,
2011-03-16,22.5,22.8,22.4,22.5,101003,EQ,,,
2011-03-17,22.15,23.3,22.15,22.5,119134,EQ,,,
2011-03-18,22.55,22.8,22.1,22.2,90559,EQ,,,
2011-03-21,22.2,22.95,22.0,22.35,146776,EQ,,,
2011-03-22,22.4,22.8,22.0,22.1,101870,EQ,,,
2011-03-23,22.2,22.75,22.0,22.1,174945,EQ,,,
2011-03-24,22.35,22.7,22.0,22.2,130849,EQ,,,
2011-03-25,22.25,22.85,22.25,22.65,155122,EQ,,,
2011-03-28,22.65,22.65,22.1,22.2,141046,EQ,,,
2011-03-29,22.2,22.65,21.95,22.15,261128,EQ,,,
2011-03-30,22.2,22.65,22.1,22.5,129869,EQ,,,
2011-03-31,22.65,23.35,22.2,22.5,116778,EQ,,,
2011-04-01,22.2,24.2,22.2,24.0,231294,EQ,,,
2011-04-04,24.2,25.9,24.2,25.55,360221,EQ,,,
2011-04-05,26.0,28.35,25.65,27.05,724409,EQ,,,
2011-04-06,27.4,28.75,27.0,27.4,667143,EQ,,,
2011-04-07,27.8,28.5,27.4,27.85,494122,EQ,,,
2011-04-08,28.35,28.7,27.0,27.1,300009,EQ,,,
2011-04-11,28.0,28.5,27.25,27.4,633279,EQ,,,
2011-04-13,26.7,26.7,25.2,25.6,536196,EQ,,,
2011-04-15,25.55,25.55,24.3,24.6,340150,EQ,,,
2011-04-18,24.5,25.4,24.2,24.55,173887,EQ,,,
2011-04-19,24.35,24.8,23.85,23.9,119468,EQ,,,
2011-04-20,24.0,24.4,23.85,23.95,165244,EQ,,,
2011-04-21,24.05,24.3,23.9,24.25,86030,EQ,,,
2011-04-25,24.0,24.35,23.85,23.95,63761,EQ,,,
2011-04-26,24.6,25.2,24.2,24.9,358039,EQ,,,
2011-04-27,25.05,25.2,24.6,24.75,157170,EQ,,,
2011-04-28,25.0,25.0,24.5,24.55,69073,EQ,,,
2011-04-29,24.85,24.85,24.25,24.4,60650,EQ,,,
2011-05-02,24.3,24.55,23.85,23.9,55045,EQ,,,
2011-05-03,23.85,23.95,22.8,23.0,87616,EQ,,,
2011-05-04,23.7,23.7,22.9,23.1,94030,EQ,,,
2011-05-05,23.05,23.4,22.9,23.0,50682,EQ,,,
2011-05-06,23.5,23.5,22.8,22.95,50019,EQ,,,
2011-05-09,22.85,23.3,22.55,22.95,58335,EQ,,,
2011-05-10,23.1,23.1,22.75,22.95,56415,EQ,,,
2011-05-11,22.8,23.15,22.8,22.95,34088,EQ,,,
2011-05-12,23.0,23.15,22.75,22.75,51822,EQ,,,
2011-05-13,21.75,23.4,21.75,22.9,48235,EQ,,,
2011-05-16,22.85,23.0,22.05,22.4,97064,EQ,,,
2011-05-17,22.4,23.1,22.3,22.9,180441,EQ,,,
2011-05-18,23.0,23.2,22.6,22.8,66625,EQ,,,
2011-05-19,22.65,23.0,22.6,22.8,78284,EQ,,,
2011-05-20,22.75,23.45,22.7,23.25,101204,EQ,,,
2011-05-23,23.25,23.3,23.0,23.1,63539,EQ,,,
2011-05-24,23.3,23.3,22.85,23.0,71704,EQ,,,
2011-05-25,22.9,22.95,21.2,22.35,67843,EQ,,,
2011-05-26,22.45,22.9,22.1,22.8,67029,EQ,,,
2011-05-27,23.0,23.45,22.6,23.1,50242,EQ,,,
2011-05-30,23.5,23.5,23.0,23.15,38625,EQ,,,
2011-05-31,23.55,23.55,23.0,23.25,53718,EQ,,,
2011-06-01,23.4,23.5,23.1,23.2,49819,EQ,,,
2011-06-02,23.0,23.75,23.0,23.55,81361,EQ,,,
2011-06-03,23.75,25.9,23.5,24.85,504329,EQ,,,
2011-06-06,25.0,25.15,23.95,24.2,145637,EQ,,,
2011-06-07,24.4,24.45,23.9,24.1,51544,EQ,,,
2011-06-08,24.1,24.3,23.55,23.7,104182,EQ,,,
2011-06-09,23.45,24.15,23.45,23.65,91551,EQ,,,
2011-06-10,23.65,24.0,23.55,23.65,82663,EQ,,,
2011-06-13,23.55,23.9,23.5,23.8,56245,EQ,,,
2011-06-14,24.0,24.25,23.6,23.7,70970,EQ,,,
2011-06-15,23.55,24.2,23.55,24.0,89068,EQ,,,
2011-06-16,23.6,24.45,23.6,24.0,116335,EQ,,,
2011-06-17,23.9,24.0,23.65,23.75,37538,EQ,,,
2011-06-20,20.05,23.95,20.05,22.55,102595,EQ,,,
2011-06-21,22.6,22.95,22.1,22.25,75723,EQ,,,
2011-06-22,22.2,22.7,22.0,22.15,58211,EQ,,,
2011-06-23,21.8,22.1,21.5,22.0,79462,EQ,,,
2011-06-24,21.0,22.8,21.0,22.0,73370,EQ,,,
2011-06-27,22.0,24.35,21.5,23.65,221349,EQ,,,
2011-06-28,23.65,23.95,23.1,23.4,70956,EQ,,,
2011-06-29,24.0,24.0,23.35,23.7,66605,EQ,,,
2011-06-30,24.0,24.0,23.35,23.5,44568,EQ,,,
2011-07-01,23.5,23.95,23.45,23.75,59232,EQ,,,
2011-07-04,24.7,24.7,23.7,23.9,104960,EQ,,,
2011-07-05,24.0,24.25,23.8,23.95,85343,EQ,,,
2011-07-06,24.5,24.5,23.7,23.75,90072,EQ,,,
2011-07-07,23.4,23.65,23.2,23.6,69458,EQ,,,
2011-07-08,23.6,23.6,23.2,23.25,49668,EQ,,,
2011-07-11,23.25,23.45,22.9,23.1,54894,EQ,,,
2011-07-12,22.9,22.9,22.3,22.55,286801,EQ,,,
2011-07-13,22.5,22.85,22.25,22.3,124996,EQ,,,
2011-07-14,22.0,22.5,22.0,22.4,97206,EQ,,,
2011-07-15,22.7,22.7,22.25,22.3,61669,EQ,,,
2011-07-18,22.5,22.5,21.95,22.05,144203,EQ,,,
2011-07-19,22.3,22.4,22.0,22.05,74443,EQ,,,
2011-07-20,22.1,22.3,21.95,21.95,87541,EQ,,,
2011-07-21,22.0,22.1,21.45,22.0,83849,EQ,,,
2011-07-22,22.3,22.3,22.0,22.05,134177,EQ,,,
2011-07-25,21.95,22.45,21.95,22.1,64498,EQ,,,
2011-07-26,22.1,22.3,21.85,22.0,76677,EQ,,,
2011-07-27,22.25,22.25,21.9,22.0,28146,EQ,,,
2011-07-28,22.15,22.15,21.8,21.9,59363,EQ,,,
2011-07-29,21.85,22.25,21.85,22.05,35616,EQ,,,
2011-08-01,22.1,22.35,21.55,21.6,74803,EQ,,,
2011-08-02,21.6,21.6,20.8,21.25,102867,EQ,,,
2011-08-03,21.2,22.1,20.2,21.9,108244,EQ,,,
2011-08-04,22.25,22.25,21.25,21.55,44315,EQ,,,
2011-08-05,21.5,21.6,20.0,21.0,142884,EQ,,,
2011-08-08,20.1,20.95,18.45,20.15,297102,EQ,,,
2011-08-09,19.0,20.1,18.75,19.55,111433,EQ,,,
2011-08-10,20.35,23.5,20.3,20.55,122938,EQ,,,
2011-08-11,20.55,20.9,20.0,20.7,74711,EQ,,,
2011-08-12,20.75,20.9,19.95,20.05,247484,EQ,,,
2011-08-16,20.15,20.5,19.25,19.3,107945,EQ,,,
2011-08-17,20.0,20.0,18.75,18.95,154045,EQ,,,
2011-08-18,19.45,19.45,18.2,18.45,86531,EQ,,,
2011-08-19,18.5,18.65,17.2,18.35,141867,EQ,,,
2011-08-22,18.35,19.2,18.0,18.3,159853,EQ,,,
2011-08-23,19.2,19.2,18.0,18.15,130485,EQ,,,
2011-08-24,18.5,18.7,18.1,18.5,159044,EQ,,,
2011-08-25,18.9,18.9,17.7,17.95,350612,EQ,,,
2011-08-26,18.25,18.4,17.75,17.85,51904,EQ,,,
2011-08-29,18.0,18.3,17.75,18.15,131193,EQ,,,
2011-08-30,18.5,19.6,18.25,19.35,110221,EQ,,,
2011-09-02,19.7,19.7,18.85,19.2,64176,EQ,,,
2011-09-05,18.9,18.9,18.55,18.7,51114,EQ,,,
2011-09-06,19.0,19.3,18.75,19.15,46115,EQ,,,
2011-09-07,19.5,19.5,19.25,19.25,35664,EQ,,,
2011-09-08,20.0,20.0,19.2,19.4,42809,EQ,,,
2011-09-09,19.8,19.8,18.7,18.85,71833,EQ,,,
2011-09-12,18.9,19.0,18.4,18.75,49967,EQ,,,
2011-09-13,18.8,19.1,18.7,18.9,60634,EQ,,,
2011-09-14,18.9,19.1,18.8,19.0,70403,EQ,,,
2011-09-15,19.1,19.45,18.65,19.2,38524,EQ,,,
2011-09-16,19.15,19.25,19.0,19.1,51605,EQ,,,
2011-09-19,19.0,19.45,18.5,19.3,50576,EQ,,,
2011-09-20,19.3,19.45,19.1,19.25,33162,EQ,,,
2011-09-21,19.2,19.9,19.15,19.8,79503,EQ,,,
2011-09-22,19.75,19.75,19.05,19.1,49510,EQ,,,
2011-09-23,18.25,19.4,18.25,19.25,46660,EQ,,,
2011-09-26,19.2,19.35,18.5,18.8,53406,EQ,,,
2011-09-27,19.0,19.3,18.85,19.1,32988,EQ,,,
2011-09-28,19.2,19.2,18.8,19.05,53249,EQ,,,
2011-09-29,19.15,19.15,18.9,19.0,18201,EQ,,,
2011-09-30,18.95,19.25,18.6,18.75,55099,EQ,,,
2011-10-03,19.95,19.95,18.4,18.55,44451,EQ,,,
2011-10-04,18.6,18.95,18.3,18.4,24743,EQ,,,
2011-10-05,18.5,18.9,18.5,18.6,44610,EQ,,,
2011-10-07,18.55,19.3,18.4,18.5,53027,EQ,,,
2011-10-10,18.45,18.75,18.35,18.5,41760,EQ,,,
2011-10-11,18.5,18.75,18.25,18.25,49119,EQ,,,
2011-10-12,18.3,19.0,18.3,18.7,50237,EQ,,,
2011-10-13,18.7,19.15,18.6,18.95,55067,EQ,,,
2011-10-14,18.9,19.8,18.6,19.25,257994,EQ,,,
2011-10-17,19.25,19.7,18.4,18.5,82161,EQ,,,
2011-10-18,18.4,18.6,18.4,18.45,33929,EQ,,,
2011-10-19,18.55,18.7,18.4,18.5,39839,EQ,,,
2011-10-20,18.45,18.6,18.35,18.55,23789,EQ,,,
2011-10-21,18.45,18.75,18.35,18.45,40695,EQ,,,
2011-10-24,18.0,18.7,18.0,18.3,21701,EQ,,,
2011-10-25,18.35,18.45,18.0,18.2,64660,EQ,,,
2011-10-26,18.2,18.5,18.2,18.3,21877,EQ,,,
2011-10-28,18.4,20.6,18.4,18.6,117571,EQ,,,
2011-10-31,18.5,18.85,18.4,18.55,89159,EQ,,,
2011-11-01,18.6,18.6,17.95,18.05,75895,EQ,,,
2011-11-02,18.0,18.3,17.9,18.05,44032,EQ,,,
2011-11-03,18.05,18.4,18.05,18.15,39369,EQ,,,
2011-11-04,18.2,18.4,18.15,18.15,24126,EQ,,,
2011-11-08,18.4,19.2,18.4,18.85,135300,EQ,,,
2011-11-09,19.0,19.0,18.55,18.7,37905,EQ,,,
2011-11-11,18.6,18.6,18.15,18.2,57426,EQ,,,
2011-11-14,18.1,18.5,17.85,17.95,68768,EQ,,,
2011-11-15,17.95,18.15,17.65,17.75,54635,EQ,,,
2011-11-16,18.2,18.2,17.0,17.8,78350,EQ,,,
2011-11-17,17.75,18.0,17.5,17.7,39353,EQ,,,
2011-11-18,17.8,17.85,16.9,17.2,81460,EQ,,,
2011-11-21,17.35,17.35,16.65,16.8,95354,EQ,,,
2011-11-22,16.5,17.0,16.2,16.95,48638,EQ,,,
2011-11-23,16.9,16.9,16.0,16.1,76081,EQ,,,
2011-11-24,16.0,16.6,15.65,16.1,92561,EQ,,,
2011-11-25,16.6,16.6,15.75,16.1,77405,EQ,,,
2011-11-28,16.3,16.8,16.15,16.55,31221,EQ,,,
2011-11-29,16.55,16.85,16.05,16.3,38649,EQ,,,
2011-11-30,17.75,17.75,16.0,16.1,55128,EQ,,,
2011-12-01,16.3,16.6,16.1,16.2,53036,EQ,,,
2011-12-02,16.2,16.55,16.0,16.5,34175,EQ,,,
2011-12-05,16.6,16.6,16.1,16.45,46488,EQ,,,
2011-12-07,16.35,16.6,16.1,16.5,140215,EQ,,,
2011-12-08,16.4,16.5,16.2,16.25,33382,EQ,,,
2011-12-09,16.3,18.0,16.2,17.25,321670,EQ,,,
2011-12-12,17.25,17.45,16.3,16.4,79043,EQ,,,
2011-12-13,16.3,16.6,16.05,16.2,45628,EQ,,,
2011-12-14,16.1,16.65,16.05,16.2,38456,EQ,,,
2011-12-15,16.1,16.2,15.75,15.85,43552,EQ,,,
2011-12-16,15.8,16.1,15.3,15.55,99958,EQ,,,
2011-12-19,15.75,16.05,15.5,16.0,74121,EQ,,,
2011-12-20,16.0,16.1,15.4,15.7,84796,EQ,,,
2011-12-21,15.6,16.15,15.4,15.65,66142,EQ,,,
2011-12-22,15.5,15.95,15.45,15.8,59091,EQ,,,
2011-12-23,15.7,15.95,15.5,15.65,36890,EQ,,,
2011-12-26,15.8,15.9,15.55,15.7,32129,EQ,,,
2011-12-27,15.75,15.75,15.15,15.25,29181,EQ,,,
2011-12-28,15.35,16.45,15.2,15.35,32688,EQ,,,
2011-12-29,15.1,15.4,15.1,15.15,22561,EQ,,,
2011-12-30,15.15,15.6,15.1,15.25,31906,EQ,,,
2012-01-02,15.15,15.35,15.1,15.15,19478,EQ,,,
2012-01-03,15.15,15.75,15.15,15.55,35080,EQ,,,
2012-01-04,15.45,15.8,15.3,15.65,35704,EQ,,,
2012-01-05,15.65,15.75,15.5,15.55,14544,EQ,,,
2012-01-06,15.5,15.65,15.4,15.55,25989,EQ,,,
2012-01-07,15.8,15.85,15.5,15.65,8714,EQ,,,
2012-01-09,15.7,16.25,15.5,16.2,66602,EQ,,,
2012-01-10,16.25,17.15,16.0,16.95,85453,EQ,,,
2012-01-11,17.9,18.9,17.0,17.25,82978,EQ,,,
2012-01-12,17.9,18.0,16.6,16.7,71683,EQ,,,
2012-01-13,15.0,17.1,14.5,16.8,114628,EQ,,,
2012-01-16,16.8,17.2,16.1,16.45,80416,EQ,,,
2012-01-17,16.35,16.9,16.35,16.6,80281,EQ,,,
2012-01-18,16.8,17.4,16.8,17.15,129884,EQ,,,
2012-01-19,17.4,17.4,17.1,17.25,83755,EQ,,,
2012-01-20,17.4,17.4,17.05,17.25,45880,EQ,,,
2012-01-23,17.25,17.45,17.15,17.3,41596,EQ,,,
2012-01-24,17.5,18.15,17.25,18.05,189860,EQ,,,
2012-01-25,18.9,18.9,17.5,17.9,90232,EQ,,,
2012-01-27,18.0,18.4,17.9,18.1,74382,EQ,,,
2012-01-30,18.1,18.25,17.5,17.95,74294,EQ,,,
2012-01-31,15.1,18.6,15.1,18.3,54480,EQ,,,
2012-02-01,18.1,18.65,18.0,18.55,59239,EQ,,,
2012-02-02,18.6,19.0,18.6,18.7,80918,EQ,,,
2012-02-03,18.5,18.95,18.4,18.85,122253,EQ,,,
2012-02-06,18.95,20.6,18.75,19.65,467994,EQ,,,
2012-02-07,20.2,20.4,19.4,19.6,254931,EQ,,,
2012-02-08,19.4,19.7,19.2,19.3,71779,EQ,,,
2012-02-09,19.05,19.75,19.05,19.6,45426,EQ,,,
2012-02-10,19.75,20.15,19.6,19.9,102110,EQ,,,
2012-02-13,19.9,20.05,19.4,19.9,86013,EQ,,,
2012-02-14,19.9,20.0,19.6,19.7,44854,EQ,,,
2012-02-15,19.9,20.8,19.6,20.55,170157,EQ,,,
2012-02-16,20.95,20.95,20.1,20.7,103681,EQ,,,
2012-02-17,20.6,21.65,20.6,21.45,229636,EQ,,,
2012-02-21,21.0,23.0,21.0,22.65,272593,EQ,,,
2012-02-22,23.0,23.5,22.0,22.15,312217,EQ,,,
2012-02-23,21.3,22.5,21.0,21.15,167973,EQ,,,
2012-02-24,21.75,21.75,20.25,20.6,196248,EQ,,,
2012-02-27,20.2,20.5,19.4,19.7,140938,EQ,,,
2012-02-28,19.75,21.85,19.5,21.55,163542,EQ,,,
2012-02-29,21.45,21.95,20.65,20.9,123111,EQ,,,
2012-03-01,20.75,20.9,20.4,20.55,38268,EQ,,,
2012-03-02,21.0,21.0,20.45,20.75,25015,EQ,,,
2012-03-03,20.95,20.95,20.75,20.85,6369,EQ,,,
2012-03-05,20.9,20.9,20.25,20.45,23911,EQ,,,
2012-03-06,20.25,20.5,19.5,19.6,77623,EQ,,,
2012-03-07,19.65,20.4,19.2,20.15,85633,EQ,,,
2012-03-09,20.5,20.9,20.4,20.7,43314,EQ,,,
2012-03-12,20.8,20.85,20.1,20.25,48204,EQ,,,
2012-03-13,20.3,20.8,20.3,20.5,41913,EQ,,,
2012-03-14,20.75,20.9,20.2,20.35,40738,EQ,,,
2012-03-15,20.7,20.7,19.95,20.1,40746,EQ,,,
2012-03-16,20.0,21.45,20.0,20.3,270234,EQ,,,
2012-03-19,20.35,20.95,20.0,20.15,50270,EQ,,,
2012-03-20,20.5,20.55,19.95,20.15,43523,EQ,,,
2012-03-21,20.45,20.5,20.05,20.35,30652,EQ,,,
2012-03-22,20.5,20.65,19.7,19.9,70473,EQ,,,
2012-03-23,19.8,20.0,19.35,19.65,42996,EQ,,,
2012-03-26,19.95,19.95,19.25,19.3,45099,EQ,,,
2012-03-27,19.85,19.85,19.2,19.3,41500,EQ,,,
2012-03-28,19.7,19.7,19.05,19.15,40499,EQ,,,
2012-03-29,19.0,19.05,18.55,18.6,55697,EQ,,,
2012-03-30,19.0,19.3,18.75,19.05,48098,EQ,,,
2012-04-02,19.45,19.85,19.05,19.5,35323,EQ,,,
2012-04-03,19.4,19.9,19.2,19.3,31393,EQ,,,
2012-04-04,19.3,19.6,19.1,19.2,35185,EQ,,,
2012-04-09,19.2,19.25,18.65,18.75,46265,EQ,,,
2012-04-10,19.15,19.15,18.55,18.6,29963,EQ,,,
2012-04-11,19.0,19.25,18.7,18.9,28733,EQ,,,
2012-04-12,18.7,19.25,18.65,19.0,21541,EQ,,,
2012-04-13,18.9,19.1,18.65,18.8,36794,EQ,,,
2012-04-16,19.35,19.5,18.5,18.65,37293,EQ,,,
2012-04-17,18.65,18.8,18.35,18.5,54216,EQ,,,
2012-04-18,18.75,19.2,18.65,18.75,36712,EQ,,,
2012-04-19,18.8,18.85,18.4,18.4,29307,EQ,,,
2012-04-20,18.3,18.5,17.8,17.95,154708,EQ,,,
2012-04-23,17.6,18.35,17.6,17.85,31373,EQ,,,
2012-04-24,17.75,18.25,17.7,18.05,20310,EQ,,,
2012-04-25,17.7,18.65,17.7,17.85,41651,EQ,,,
2012-04-26,17.85,18.0,17.5,17.65,16720,EQ,,,
2012-04-27,17.55,18.0,17.25,17.7,29159,EQ,,,
2012-04-28,17.5,17.9,17.35,17.8,3707,EQ,,,
2012-04-30,18.0,18.0,17.5,17.55,29437,EQ,,,
2012-05-02,17.2,18.25,17.2,17.6,74582,EQ,,,
2012-05-03,17.6,17.75,17.0,17.2,27251,EQ,,,
2012-05-04,17.15,17.25,16.8,17.1,23363,EQ,,,
2012-05-07,17.0,17.5,16.8,17.3,20154,EQ,,,
2012-05-08,17.4,17.45,16.55,16.7,58055,EQ,,,
2012-05-09,16.5,16.75,14.3,15.6,142280,EQ,,,
2012-05-10,16.0,16.5,15.25,16.0,120283,EQ,,,
2012-05-11,16.0,16.25,15.9,16.1,74547,EQ,,,
2012-05-14,16.0,16.2,15.95,16.15,37659,EQ,,,
2012-05-15,16.0,16.25,16.0,16.2,30069,EQ,,,
2012-05-16,16.4,16.4,16.0,16.15,22491,EQ,,,
2012-05-17,16.05,16.3,15.95,16.05,40415,EQ,,,
2012-05-18,16.05,16.15,15.9,16.05,143073,EQ,,,
2012-05-21,16.0,16.35,16.0,16.15,11405,EQ,,,
2012-05-22,16.4,16.95,16.2,16.25,18281,EQ,,,
2012-05-23,16.2,16.25,16.0,16.1,14127,EQ,,,
2012-05-24,16.0,16.9,16.0,16.75,40611,EQ,,,
2012-05-25,16.6,16.95,16.25,16.45,18087,EQ,,,
2012-05-28,16.6,16.65,16.2,16.45,32671,EQ,,,
2012-05-29,16.05,17.2,16.05,16.95,76929,EQ,,,
2012-05-30,17.0,17.0,16.45,16.6,39999,EQ,,,
2012-05-31,16.6,16.65,16.1,16.55,37562,EQ,,,
2012-06-01,16.55,17.4,16.3,17.1,106434,EQ,,,
2012-06-04,16.8,17.0,16.4,16.8,20306,EQ,,,
2012-06-05,16.75,17.4,16.75,17.1,43197,EQ,,,
2012-06-06,17.1,17.25,16.7,17.2,55402,EQ,,,
2012-06-07,16.95,17.5,16.75,16.95,246518,EQ,,,
2012-06-08,17.15,17.7,16.9,17.5,105958,EQ,,,
2012-06-11,17.65,18.55,17.5,18.3,152900,EQ,,,
2012-06-12,18.0,18.7,18.0,18.6,62059,EQ,,,
2012-06-13,18.7,18.75,18.4,18.65,57286,EQ,,,
2012-06-14,18.5,19.0,18.0,18.15,106823,EQ,,,
2012-06-15,17.9,18.35,17.9,18.2,32594,EQ,,,
2012-06-18,18.05,19.2,18.05,18.65,160141,EQ,,,
2012-06-19,18.5,18.8,18.3,18.75,97475,EQ,,,
2012-06-20,18.8,19.35,18.55,19.0,50645,EQ,,,
2012-06-21,19.0,19.5,18.8,19.25,95561,EQ,,,
2012-06-22,19.0,19.8,19.0,19.75,194069,EQ,,,
2012-06-25,19.8,20.15,19.2,19.55,161949,EQ,,,
2012-06-26,19.55,19.75,19.5,19.5,27334,EQ,,,
2012-06-27,19.9,19.9,19.5,19.5,40422,EQ,,,
2012-06-28,19.5,20.0,19.35,19.55,57802,EQ,,,
2012-06-29,19.8,19.85,19.5,19.65,65873,EQ,,,
2012-07-02,20.15,20.2,19.5,19.9,77187,EQ,,,
2012-07-03,19.9,20.15,19.75,19.85,124579,EQ,,,
2012-07-04,19.9,21.65,19.65,21.4,500427,EQ,,,
2012-07-05,21.9,23.5,21.65,21.9,1451338,EQ,,,
2012-07-06,22.2,22.55,21.2,21.3,207262,EQ,,,
2012-07-09,21.1,21.2,20.3,20.45,236273,EQ,,,
2012-07-10,20.4,20.8,20.2,20.55,96531,EQ,,,
2012-07-11,20.5,20.9,20.1,20.3,111997,EQ,,,
2012-07-12,20.3,20.6,19.7,20.05,137669,EQ,,,
2012-07-13,20.55,22.2,20.55,20.8,460663,EQ,,,
2012-07-16,20.7,21.35,19.75,19.95,138462,EQ,,,
2012-07-17,20.1,20.6,19.6,20.4,215787,EQ,,,
2012-07-18,21.0,21.95,19.8,20.75,122037,EQ,,,
2012-07-19,20.85,21.45,20.65,21.25,188713,EQ,,,
2012-07-20,21.35,21.5,20.7,20.9,139875,EQ,,,
2012-07-23,20.7,20.9,20.25,20.45,54032,EQ,,,
2012-07-24,20.25,20.8,20.2,20.4,66008,EQ,,,
2012-07-25,20.25,20.45,19.8,20.0,70719,EQ,,,
2012-07-26,20.0,20.3,20.0,20.1,63178,EQ,,,
2012-07-27,20.25,20.75,19.4,20.0,129522,EQ,,,
2012-07-30,19.9,20.35,19.75,20.25,29268,EQ,,,
2012-07-31,20.15,20.4,19.85,20.15,42704,EQ,,,
2012-08-01,20.25,20.25,19.6,20.05,26281,EQ,,,
2012-08-02,20.0,20.35,19.9,20.3,24513,EQ,,,
2012-08-03,20.05,20.1,19.85,20.0,29453,EQ,,,
2012-08-06,20.2,20.3,19.85,20.05,35501,EQ,,,
2012-08-07,20.25,20.25,19.9,20.1,22255,EQ,,,
2012-08-08,19.7,20.15,19.25,19.8,60720,EQ,,,
2012-08-09,19.75,20.2,19.45,19.65,43609,EQ,,,
2012-08-10,19.6,20.0,19.4,19.5,23360,EQ,,,
2012-08-13,19.5,19.75,19.2,19.25,32963,EQ,,,
2012-08-14,19.25,19.6,19.05,19.15,218637,EQ,,,
2012-08-16,19.0,19.45,18.8,19.0,66408,EQ,,,
2012-08-17,19.05,19.25,18.8,18.9,76557,EQ,,,
2012-08-21,18.9,19.2,18.65,18.8,47878,EQ,,,
2012-08-22,19.25,19.25,18.6,18.65,38693,EQ,,,
2012-08-23,18.5,18.8,18.35,18.4,61897,EQ,,,
2012-08-24,18.1,18.55,18.1,18.4,16634,EQ,,,
2012-08-27,18.45,18.5,18.1,18.25,34171,EQ,,,
2012-08-28,18.0,18.3,17.9,18.0,23708,EQ,,,
2012-08-29,18.0,18.25,17.55,17.7,35419,EQ,,,
2012-08-30,17.85,18.25,17.5,18.0,34491,EQ,,,
2012-08-31,17.85,17.9,17.5,17.7,51227,EQ,,,
2012-09-03,18.2,18.4,17.55,18.0,30509,EQ,,,
2012-09-04,17.9,20.4,17.55,20.0,512246,EQ,,,
2012-09-05,19.4,19.4,18.25,18.4,265548,EQ,,,
2012-09-06,17.6,18.65,17.6,18.45,51967,EQ,,,
2012-09-07,18.5,19.0,18.5,18.55,52485,EQ,,,
2012-09-08,18.05,18.9,18.05,18.75,27152,EQ,,,
2012-09-10,19.1,19.4,18.7,19.0,109564,EQ,,,
2012-09-11,18.9,19.35,18.75,19.15,70047,EQ,,,
2012-09-12,19.6,19.7,19.0,19.0,102529,EQ,,,
2012-09-13,19.0,19.7,19.0,19.45,115000,EQ,,,
2012-09-14,19.65,19.7,19.0,19.35,170144,EQ,,,
2012-09-17,19.8,21.95,19.3,21.5,615429,EQ,,,
2012-09-18,22.75,23.0,21.75,21.95,1301401,EQ,,,
2012-09-20,21.65,21.8,20.1,20.8,236127,EQ,,,
2012-09-21,21.4,21.4,20.8,21.1,179631,EQ,,,
2012-09-24,21.2,22.1,21.2,21.75,272637,EQ,,,
2012-09-25,22.1,22.35,21.45,21.6,156961,EQ,,,
2012-09-26,21.35,21.9,20.95,21.35,178493,EQ,,,
2012-09-27,21.75,21.75,21.15,21.5,85523,EQ,,,
2012-09-28,21.15,22.0,21.0,21.85,143296,EQ,,,
2012-10-01,22.0,22.45,21.95,22.1,180724,EQ,,,
2012-10-03,22.1,23.6,21.7,23.3,629798,EQ,,,
2012-10-04,24.5,24.95,23.7,23.85,1144275,EQ,,,
2012-10-05,23.85,24.45,22.15,23.5,404168,EQ,,,
2012-10-08,23.5,23.75,23.05,23.25,152105,EQ,,,
2012-10-09,23.35,23.85,23.25,23.5,186293,EQ,,,
2012-10-10,23.0,23.55,22.8,23.45,171283,EQ,,,
2012-10-11,23.5,23.5,23.0,23.4,156826,EQ,,,
2012-10-12,23.5,24.0,23.3,23.45,179937,EQ,,,
2012-10-15,23.2,24.0,22.3,22.8,272565,EQ,,,
2012-10-16,23.6,24.95,23.45,23.6,900928,EQ,,,
2012-10-17,24.25,24.25,22.7,23.0,198091,EQ,,,
2012-10-18,23.45,23.55,22.55,22.95,148431,EQ,,,
2012-10-19,23.3,23.9,22.75,23.25,288959,EQ,,,
2012-10-22,23.45,23.55,22.75,23.15,161933,EQ,,,
2012-10-23,23.0,23.7,22.95,23.25,83386,EQ,,,
2012-10-25,22.75,23.4,22.75,23.1,81154,EQ,,,
2012-10-26,23.0,23.4,22.5,22.65,173437,EQ,,,
2012-10-29,23.0,23.0,22.0,22.05,85095,EQ,,,
2012-10-30,22.4,22.4,21.8,21.95,102628,EQ,,,
2012-10-31,22.35,22.35,21.45,21.7,58288,EQ,,,
2012-11-01,21.75,22.0,21.6,21.9,64094,EQ,,,
2012-11-02,22.05,22.25,21.9,22.0,56531,EQ,,,
2012-11-05,22.0,22.5,21.75,21.9,36084,EQ,,,
2012-11-06,21.85,22.05,21.55,21.85,53543,EQ,,,
2012-11-07,21.5,22.2,21.2,22.05,65384,EQ,,,
2012-11-08,21.75,22.0,21.5,21.7,77535,EQ,,,
2012-11-09,22.0,22.0,21.4,21.55,61816,EQ,,,
2012-11-12,21.6,22.1,21.6,21.95,96298,EQ,,,
2012-11-13,22.3,22.3,21.75,22.1,88863,EQ,,,
2012-11-15,21.5,24.35,21.5,23.9,388906,EQ,,,
2012-11-16,24.0,26.5,23.8,24.45,1182002,EQ,,,
2012-11-19,25.6,25.6,23.6,24.0,234981,EQ,,,
2012-11-20,24.0,24.4,23.5,23.6,101086,EQ,,,
2012-11-21,23.5,23.95,22.8,23.35,112277,EQ,,,
2012-11-22,23.45,24.8,23.45,23.8,164732,EQ,,,
2012-11-23,23.5,24.4,23.5,23.9,93634,EQ,,,
2012-11-26,23.8,24.4,23.3,24.15,162526,EQ,,,
2012-11-27,24.25,24.75,24.0,24.45,158006,EQ,,,
2012-11-29,24.35,24.65,24.15,24.45,146427,EQ,,,
2012-11-30,24.8,24.9,24.2,24.65,170178,EQ,,,
2012-12-03,24.5,25.75,24.5,25.5,412895,EQ,,,
2012-12-04,25.45,25.95,25.0,25.25,156157,EQ,,,
2012-12-05,25.2,26.85,24.9,26.15,818103,EQ,,,
2012-12-06,26.85,26.85,25.4,26.25,220686,EQ,,,
2012-12-07,26.2,26.6,25.6,25.9,339250,EQ,,,
2012-12-10,25.75,26.2,25.5,25.75,123643,EQ,,,
2012-12-11,25.75,27.15,25.2,26.65,471622,EQ,,,
2012-12-12,27.1,28.25,27.0,27.9,1634221,EQ,,,
2012-12-13,28.6,28.7,27.1,27.35,515495,EQ,,,
2012-12-14,27.3,27.55,26.65,26.75,221473,EQ,,,
2012-12-17,26.75,27.25,26.3,26.45,149985,EQ,,,
2012-12-18,26.25,26.95,26.0,26.3,184940,EQ,,,
2012-12-19,26.95,27.1,26.5,26.6,156594,EQ,,,
2012-12-20,26.1,26.55,25.2,26.1,147399,EQ,,,
2012-12-21,25.9,25.9,25.0,25.2,141552,EQ,,,
2012-12-24,25.5,25.6,24.5,25.2,100119,EQ,,,
2012-12-26,25.3,25.65,25.05,25.2,83198,EQ,,,
2012-12-27,25.5,25.5,24.6,24.7,150847,EQ,,,
2012-12-28,24.6,24.85,24.5,24.7,102039,EQ,,,
2012-12-31,26.7,26.7,24.3,24.7,90197,EQ,,,
2013-01-01,24.75,24.9,24.6,24.7,152691,EQ,,,
2013-01-02,24.8,24.9,24.6,24.7,294241,EQ,,,
2013-01-03,25.0,26.2,24.8,25.85,624764,EQ,,,
2013-01-04,25.85,25.9,25.45,25.7,172709,EQ,,,
2013-01-07,26.0,26.7,25.0,25.75,328252,EQ,,,
2013-01-08,25.95,26.25,25.35,26.0,252660,EQ,,,
2013-01-09,26.45,26.5,25.7,25.95,190879,EQ,,,
2013-01-10,26.15,26.35,25.7,25.95,211399,EQ,,,
2013-01-11,26.05,26.6,25.6,26.0,483899,EQ,,,
2013-01-14,27.45,29.8,26.35,26.6,1502209,EQ,,,
2013-01-15,26.95,26.95,25.7,25.8,207657,EQ,,,
2013-01-16,25.95,26.0,25.15,25.5,198980,EQ,,,
2013-01-17,25.35,25.75,25.25,25.5,101569,EQ,,,
2013-01-18,25.7,25.7,25.0,25.15,159070,EQ,,,
2013-01-21,25.65,25.65,25.0,25.1,79037,EQ,,,
2013-01-22,25.7,25.7,24.55,24.65,128077,EQ,,,
2013-01-23,24.75,24.9,24.25,24.45,81301,EQ,,,
2013-01-24,24.75,24.75,23.5,23.65,132939,EQ,,,
2013-01-25,23.65,23.95,23.15,23.9,77615,EQ,,,
2013-01-28,24.0,24.25,23.8,24.0,55200,EQ,,,
2013-01-29,24.0,24.0,23.4,23.65,110156,EQ,,,
2013-01-30,24.45,24.45,23.5,23.75,73072,EQ,,,
2013-01-31,23.6,23.8,23.5,23.6,42616,EQ,,,
2013-02-01,24.35,24.35,23.25,23.6,62337,EQ,,,
2013-02-04,23.75,24.2,23.2,23.4,53458,EQ,,,
2013-02-05,23.4,23.4,22.6,23.0,105286,EQ,,,
2013-02-06,23.1,23.45,22.8,23.05,49880,EQ,,,
2013-02-07,23.35,23.6,22.9,23.45,181413,EQ,,,
2013-02-08,23.95,23.95,23.15,23.65,102931,EQ,,,
2013-02-11,23.3,24.0,23.3,23.75,92772,EQ,,,
2013-02-12,23.3,23.7,23.0,23.1,64900,EQ,,,
2013-02-13,23.35,23.5,22.8,23.1,90034,EQ,,,
2013-02-14,22.85,23.1,22.7,22.9,104980,EQ,,,
2013-02-15,22.8,22.85,22.5,22.65,48820,EQ,,,
2013-02-18,22.65,23.5,22.5,22.6,53325,EQ,,,
2013-02-19,22.75,22.8,22.5,22.65,59560,EQ,,,
2013-02-20,23.5,23.5,22.6,22.6,59519,EQ,,,
2013-02-21,22.5,22.7,22.05,22.25,78706,EQ,,,
2013-02-22,22.5,23.1,22.25,22.95,88729,EQ,,,
2013-02-25,22.7,23.0,22.45,22.5,39523,EQ,,,
2013-02-26,22.95,22.95,21.75,21.9,66379,EQ,,,
2013-02-27,21.85,22.7,21.85,22.55,87275,EQ,,,
2013-02-28,22.7,23.1,21.2,22.0,145598,EQ,,,
2013-03-01,22.25,22.65,21.75,22.5,84972,EQ,,,
2013-03-04,22.0,22.3,21.6,21.75,60923,EQ,,,
2013-03-05,21.5,22.2,21.5,21.9,30491,EQ,,,
2013-03-06,21.8,22.45,21.8,22.15,44966,EQ,,,
2013-03-07,21.9,22.1,21.6,21.75,69442,EQ,,,
2013-03-08,21.9,22.2,21.8,21.95,83469,EQ,,,
2013-03-11,22.3,22.35,21.8,21.9,64219,EQ,,,
2013-03-12,22.15,22.2,21.8,22.1,63305,EQ,,,
2013-03-13,22.7,22.7,21.8,21.95,50601,EQ,,,
2013-03-14,21.75,22.15,21.6,22.0,50327,EQ,,,
2013-03-15,22.1,22.2,21.7,21.9,44849,EQ,,,
2013-03-18,22.0,22.9,22.0,22.8,161033,EQ,,,
2013-03-19,23.0,23.0,21.9,22.05,141304,EQ,,,
2013-03-20,21.95,21.95,21.2,21.4,118986,EQ,,,
2013-03-21,21.7,21.7,20.0,20.15,84083,EQ,,,
2013-03-22,20.6,21.25,19.4,19.55,94433,EQ,,,
2013-03-25,20.45,21.2,19.2,19.35,74148,EQ,,,
2013-03-26,19.3,19.5,19.0,19.25,47700,EQ,,,
2013-03-28,19.05,19.35,18.65,19.25,70754,EQ,,,
2013-04-01,19.05,19.9,19.05,19.7,32086,EQ,,,
2013-04-02,19.55,22.4,19.55,21.95,340852,EQ,,,
2013-04-03,21.0,21.5,20.6,20.95,155336,EQ,,,
2013-04-04,20.6,20.8,20.15,20.2,68773,EQ,,,
2013-04-05,20.5,20.5,19.8,20.0,46088,EQ,,,
2013-04-08,20.05,20.15,19.65,19.7,26596,EQ,,,
2013-04-09,19.1,20.25,19.1,19.7,62999,EQ,,,
2013-04-10,19.85,20.2,19.8,20.0,55304,EQ,,,
2013-04-11,20.25,20.5,20.05,20.35,43092,EQ,,,
2013-04-12,20.0,20.3,19.8,20.2,34233,EQ,,,
2013-04-15,22.0,22.7,20.55,21.05,269116,EQ,,,
2013-04-16,20.9,22.15,20.7,22.0,204421,EQ,,,
2013-04-17,22.35,22.35,21.8,22.1,147033,EQ,,,
2013-04-18,22.15,22.15,21.7,21.95,75694,EQ,,,
2013-04-22,21.55,23.5,21.55,22.9,272056,EQ,,,
2013-04-23,23.8,24.1,23.1,23.8,878548,EQ,,,
2013-04-25,23.6,23.9,23.6,23.75,114358,EQ,,,
2013-04-26,23.65,23.65,22.8,22.85,78761,EQ,,,
2013-04-29,22.75,23.05,22.5,22.85,35673,EQ,,,
2013-04-30,22.8,22.9,22.3,22.8,73337,EQ,,,
2013-05-02,22.7,23.25,22.7,23.05,73492,EQ,,,
2013-05-03,22.5,23.0,22.5,22.85,51579,EQ,,,
2013-05-06,22.8,23.15,22.6,22.85,73696,EQ,,,
2013-05-07,23.0,23.8,22.7,23.4,135889,EQ,,,
2013-05-08,23.3,23.7,22.95,23.3,79545,EQ,,,
2013-05-09,23.2,23.85,22.9,23.6,152479,EQ,,,
2013-05-10,23.6,23.65,22.65,23.5,100106,EQ,,,
2013-05-11,23.9,23.9,23.15,23.4,12388,EQ,,,
2013-05-13,23.2,23.2,22.6,22.8,88142,EQ,,,
2013-05-14,22.65,22.85,22.55,22.7,49372,EQ,,,
2013-05-15,22.75,23.5,22.5,23.35,116976,EQ,,,
2013-05-16,23.5,24.05,23.1,23.95,216015,EQ,,,
2013-05-17,25.75,26.8,24.55,24.75,1323149,EQ,,,
2013-05-20,24.65,24.65,23.85,23.95,164231,EQ,,,
2013-05-21,23.7,24.5,23.4,24.15,254243,EQ,,,
2013-05-22,24.25,24.45,23.5,23.7,119377,EQ,,,
2013-05-23,24.25,24.25,21.55,22.05,483323,EQ,,,
2013-05-24,22.1,22.65,21.9,22.15,143104,EQ,,,
2013-05-27,22.15,22.5,21.8,22.2,121777,EQ,,,
2013-05-28,22.0,22.2,21.95,22.0,63917,EQ,,,
2013-05-29,21.9,22.65,21.9,22.0,126855,EQ,,,
2013-05-30,21.9,22.0,21.5,21.7,57969,EQ,,,
2013-05-31,21.55,22.0,21.1,21.7,68637,EQ,,,
2013-06-03,22.2,23.0,21.35,21.6,130953,EQ,,,
2013-06-04,21.6,21.7,21.1,21.35,104754,EQ,,,
2013-06-05,21.3,21.8,21.3,21.55,58066,EQ,,,
2013-06-06,21.0,21.75,21.0,21.45,77373,EQ,,,
2013-06-07,21.3,22.0,21.3,21.7,97429,EQ,,,
2013-06-10,22.4,22.4,21.05,21.15,60833,EQ,,,
2013-06-11,21.35,21.45,20.4,20.75,79238,EQ,,,
2013-06-12,20.8,20.8,20.3,20.35,29653,EQ,,,
2013-06-13,20.75,20.75,20.1,20.4,57225,EQ,,,
2013-06-14,20.3,20.9,20.3,20.65,62547,EQ,,,
2013-06-17,20.5,20.75,20.0,20.3,52852,EQ,,,
2013-06-18,20.25,20.5,20.25,20.3,54822,EQ,,,
2013-06-19,20.1,20.25,20.1,20.25,24568,EQ,,,
2013-06-20,20.0,20.15,19.9,20.0,56340,EQ,,,
2013-06-21,20.2,20.25,19.85,20.05,41855,EQ,,,
2013-06-24,20.0,20.0,19.5,19.75,59625,EQ,,,
2013-06-25,19.8,19.9,19.5,19.6,59376,EQ,,,
2013-06-26,19.5,19.8,19.4,19.65,32812,EQ,,,
2013-06-27,19.9,20.1,19.6,19.95,69987,EQ,,,
2013-06-28,20.15,20.3,19.9,20.25,37600,EQ,,,
2013-07-01,20.9,20.9,20.1,20.5,54162,EQ,,,
2013-07-02,20.4,23.0,20.1,22.65,288160,EQ,,,
2013-07-03,22.9,24.25,22.65,23.5,1268342,EQ,,,
2013-07-04,23.45,23.5,22.55,22.75,162115,EQ,,,
2013-07-05,22.8,22.8,21.8,22.3,129623,EQ,,,
2013-07-08,22.5,22.9,22.35,22.5,189952,EQ,,,
2013-07-09,22.55,23.1,22.3,22.8,148296,EQ,,,
2013-07-10,23.1,23.1,22.5,22.75,112423,EQ,,,
2013-07-11,23.2,23.35,22.8,23.0,159068,EQ,,,
2013-07-12,23.45,23.5,21.6,21.9,270860,EQ,,,
2013-07-15,21.9,23.0,21.1,22.5,227131,EQ,,,
2013-07-16,22.0,22.45,21.65,22.35,88175,EQ,,,
2013-07-17,22.25,22.45,21.65,21.8,81897,EQ,,,
2013-07-18,21.6,21.95,21.4,21.7,43814,EQ,,,
2013-07-19,22.0,22.2,21.5,22.0,131300,EQ,,,
2013-07-22,22.0,22.1,21.5,21.5,50819,EQ,,,
2013-07-23,21.5,22.0,21.35,21.9,90222,EQ,,,
2013-07-24,21.7,21.8,21.35,21.75,89090,EQ,,,
2013-07-25,21.5,22.25,21.15,21.95,52288,EQ,,,
2013-07-26,22.0,22.1,21.3,21.8,73303,EQ,,,
2013-07-29,21.6,21.95,21.45,21.75,108920,EQ,,,
2013-07-30,21.7,21.7,20.75,20.95,63250,EQ,,,
2013-07-31,20.7,20.7,19.75,20.05,139693,EQ,,,
2013-08-01,21.0,21.0,19.8,19.95,61965,EQ,,,
2013-08-02,20.0,20.0,19.25,19.5,105907,EQ,,,
2013-08-05,19.0,19.95,18.65,19.65,97011,EQ,,,
2013-08-06,19.25,19.4,18.55,18.95,58255,EQ,,,
2013-08-07,18.7,19.8,18.7,19.7,59522,EQ,,,
2013-08-08,19.5,19.9,19.05,19.7,20825,EQ,,,
2013-08-12,20.9,20.9,19.55,19.75,24889,EQ,,,
2013-08-13,21.0,21.0,19.7,19.9,63408,EQ,,,
2013-08-14,20.7,20.7,19.8,19.95,42879,EQ,,,
2013-08-16,19.95,19.95,19.2,19.35,56467,EQ,,,
2013-08-19,20.2,20.2,18.75,18.85,52120,EQ,,,
2013-08-20,18.8,19.05,18.6,18.75,67940,EQ,,,
2013-08-21,19.0,19.1,18.65,18.8,35500,EQ,,,
2013-08-22,20.6,20.6,18.2,18.5,49436,EQ,,,
2013-08-23,18.3,18.75,17.85,18.15,136511,EQ,,,
2013-08-26,17.3,18.55,17.1,17.35,172393,EQ,,,
2013-08-27,17.3,17.45,16.8,16.9,135870,EQ,,,
2013-08-28,17.0,17.0,16.2,16.8,96268,EQ,,,
2013-08-29,17.25,17.25,16.35,17.05,36961,EQ,,,
2013-08-30,17.5,17.5,16.7,16.9,49891,EQ,,,
2013-09-02,17.0,17.2,16.15,16.8,87525,EQ,,,
2013-09-03,16.55,18.5,16.55,16.85,38980,EQ,,,
2013-09-04,17.9,17.9,16.75,16.9,57275,EQ,,,
2013-09-05,17.0,17.4,17.0,17.05,70732,EQ,,,
2013-09-06,17.7,19.2,17.0,18.85,274709,EQ,,,
2013-09-10,20.1,20.1,17.8,18.25,539125,EQ,,,
2013-09-11,18.45,18.6,18.15,18.3,87788,EQ,,,
2013-09-12,18.3,18.55,18.0,18.05,89426,EQ,,,
2013-09-13,18.5,18.5,17.7,18.15,59893,EQ,,,
2013-09-16,18.6,18.6,17.9,18.05,56157,EQ,,,
2013-09-17,17.85,18.45,17.8,17.9,22913,EQ,,,
2013-09-18,18.15,18.2,17.65,17.9,37916,EQ,,,
2013-09-19,18.15,18.35,18.0,18.2,82443,EQ,,,
2013-09-20,18.2,18.4,17.55,17.85,57500,EQ,,,
2013-09-23,17.9,17.95,17.6,17.65,35437,EQ,,,
2013-09-24,17.75,17.85,17.4,17.65,47032,EQ,,,
2013-09-25,17.8,17.8,17.15,17.35,63283,EQ,,,
2013-09-26,17.35,17.65,17.1,17.15,54008,EQ,,,
2013-09-27,17.2,17.4,17.1,17.25,42078,EQ,,,
2013-09-30,17.2,17.2,16.85,16.9,33000,EQ,,,
2013-10-01,16.6,17.3,16.6,16.85,64257,EQ,,,
2013-10-03,16.8,17.15,16.8,16.85,93041,EQ,,,
2013-10-04,16.9,17.2,16.8,16.9,56509,EQ,,,
2013-10-07,16.8,17.35,16.8,16.95,45267,EQ,,,
2013-10-08,16.9,17.15,16.9,17.0,76866,EQ,,,
2013-10-09,17.2,17.7,16.9,17.35,89320,EQ,,,
2013-10-10,17.8,17.8,17.15,17.25,115055,EQ,,,
2013-10-11,17.5,17.7,17.3,17.5,114800,EQ,,,
2013-10-14,17.5,18.2,17.3,17.85,113574,EQ,,,
2013-10-15,17.7,18.8,17.3,17.6,132371,EQ,,,
2013-10-17,17.9,17.9,17.15,17.25,59772,EQ,,,
2013-10-18,17.9,17.9,17.05,17.15,115824,EQ,,,
2013-10-21,17.2,17.6,16.95,17.05,142147,EQ,,,
2013-10-22,17.0,17.35,17.0,17.1,169047,EQ,,,
2013-10-23,17.05,17.25,16.85,16.9,176581,EQ,,,
2013-10-24,17.1,18.5,16.95,18.35,722841,EQ,,,
2013-10-25,18.8,18.85,17.7,17.8,835272,EQ,,,
2013-10-28,17.6,18.1,16.75,17.05,158832,EQ,,,
2013-10-29,17.0,17.45,16.8,17.0,161543,EQ,,,
2013-10-30,17.0,17.5,16.9,17.0,98207,EQ,,,
2013-10-31,17.0,17.3,17.0,17.1,90130,EQ,,,
2013-11-01,17.0,17.45,17.0,17.1,162176,EQ,,,
2013-11-03,17.0,17.5,17.0,17.35,60935,EQ,,,
2013-11-05,17.25,17.5,17.0,17.25,128274,EQ,,,
2013-11-06,17.45,17.45,17.1,17.15,59913,EQ,,,
2013-11-07,17.15,17.5,17.1,17.15,98260,EQ,,,
2013-11-08,17.15,17.35,16.95,17.0,106864,EQ,,,
2013-11-11,17.1,17.35,16.8,17.0,98623,EQ,,,
2013-11-12,16.95,17.15,16.65,16.75,156870,EQ,,,
2013-11-13,16.6,16.7,16.25,16.45,124984,EQ,,,
2013-11-14,16.6,17.0,15.4,16.8,130637,EQ,,,
2013-11-18,16.15,17.2,16.15,17.05,237546,EQ,,,
2013-11-19,17.2,17.2,16.3,16.75,226756,EQ,,,
2013-11-20,16.75,17.3,16.3,17.2,158719,EQ,,,
2013-11-21,17.3,17.4,16.55,16.7,91154,EQ,,,
2013-11-22,17.3,18.0,16.95,17.0,190157,EQ,,,
2013-11-25,17.3,17.3,16.8,16.85,57802,EQ,,,
2013-11-26,16.95,17.1,16.65,16.75,127659,EQ,,,
2013-11-27,16.8,16.9,16.5,16.55,46326,EQ,,,
2013-11-28,16.5,17.1,16.5,17.0,45686,EQ,,,
2013-11-29,17.1,17.15,16.9,17.05,72949,EQ,,,
2013-12-02,17.05,17.35,16.75,16.85,56136,EQ,,,
2013-12-03,17.0,17.05,16.6,17.0,83461,EQ,,,
2013-12-04,17.1,17.3,16.65,16.7,158031,EQ,,,
2013-12-05,17.1,17.1,16.75,16.75,52266,EQ,,,
2013-12-06,16.9,17.0,16.75,16.8,52150,EQ,,,
2013-12-09,17.15,17.15,16.85,17.05,92927,EQ,,,
2013-12-10,17.1,17.1,16.8,16.85,33413,EQ,,,
2013-12-11,16.85,16.95,16.75,16.85,46899,EQ,,,
2013-12-12,16.8,17.65,16.8,17.35,275477,EQ,,,
2013-12-13,17.6,17.6,16.9,17.0,187579,EQ,,,
2013-12-16,17.25,17.75,16.9,17.4,218116,EQ,,,
2013-12-17,17.1,17.45,17.0,17.3,85712,EQ,,,
2013-12-18,17.25,17.55,17.15,17.5,120526,EQ,,,
2013-12-19,17.35,17.85,17.05,17.6,237133,EQ,,,
2013-12-20,17.75,18.5,17.5,18.35,308940,EQ,,,
2013-12-23,17.8,18.75,17.8,18.3,94612,EQ,,,
2013-12-24,18.45,18.65,18.1,18.3,79995,EQ,,,
2013-12-26,18.3,19.5,18.15,18.75,178634,EQ,,,
2013-12-27,19.0,19.7,18.7,19.1,222747,EQ,,,
2013-12-30,19.15,19.45,18.2,18.55,98136,EQ,,,
2013-12-31,18.95,19.0,18.6,18.9,79803,EQ,,,
2014-01-01,18.8,19.2,18.75,19.1,59005,EQ,,,
2014-01-02,19.1,19.45,18.25,18.45,76862,EQ,,,
2014-01-03,18.45,19.1,18.25,19.0,86899,EQ,,,
2014-01-06,19.2,20.5,18.65,20.15,348171,EQ,,,
2014-01-07,21.0,21.0,19.55,19.95,208146,EQ,,,
2014-01-08,20.0,20.15,19.7,19.95,129170,EQ,,,
2014-01-09,20.1,20.75,19.7,19.95,450669,EQ,,,
2014-01-10,20.1,20.45,19.7,19.8,98355,EQ,,,
2014-01-13,20.35,20.6,19.75,19.95,154588,EQ,,,
2014-01-14,20.2,20.4,19.4,19.9,220470,EQ,,,
2014-01-15,20.25,20.3,19.6,20.0,259329,EQ,,,
2014-01-16,20.3,20.3,19.75,20.0,92349,EQ,,,
2014-01-17,19.95,20.15,19.4,19.6,108094,EQ,,,
2014-01-20,19.6,19.6,19.0,19.35,79545,EQ,,,
2014-01-21,19.9,19.9,19.15,19.35,49260,EQ,,,
2014-01-22,19.3,19.3,18.65,19.05,113590,EQ,,,
2014-01-23,18.9,19.0,18.65,18.9,95937,EQ,,,
2014-01-24,18.95,18.95,18.55,18.75,43942,EQ,,,
2014-01-27,18.6,18.6,17.85,18.15,101565,EQ,,,
2014-01-28,18.05,18.75,18.05,18.4,55810,EQ,,,
2014-01-29,18.5,18.55,18.2,18.5,101160,EQ,,,
2014-01-30,18.55,18.85,17.75,18.2,100304,EQ,,,
2014-01-31,18.15,18.5,17.9,18.05,107978,EQ,,,
2014-02-03,19.6,19.6,17.8,17.95,71079,EQ,,,
2014-02-04,17.85,18.2,17.6,17.9,216555,EQ,,,
2014-02-05,17.85,18.6,17.75,18.4,163611,EQ,,,
2014-02-06,18.4,19.6,18.3,19.3,140713,EQ,,,
2014-02-07,19.4,21.5,19.4,20.85,772612,EQ,,,
2014-02-10,20.8,21.95,20.15,20.8,277730,EQ,,,
2014-02-11,21.0,21.15,20.15,20.8,168600,EQ,,,
2014-02-12,21.1,21.1,20.4,20.55,81096,EQ,,,
2014-02-13,21.35,21.35,20.2,20.8,162320,EQ,,,
2014-02-14,20.8,21.25,20.35,20.75,93694,EQ,,,
2014-02-17,20.7,20.95,20.15,20.3,84771,EQ,,,
2014-02-18,20.1,20.7,20.1,20.45,82422,EQ,,,
2014-02-19,20.25,20.65,20.05,20.4,169536,EQ,,,
2014-02-20,20.2,20.5,20.0,20.25,50770,EQ,,,
2014-02-21,20.2,21.4,20.15,20.75,514948,EQ,,,
2014-02-24,21.1,21.2,20.6,20.9,182080,EQ,,,
2014-02-25,21.45,21.45,20.8,21.0,193925,EQ,,,
2014-02-26,21.05,21.25,20.75,20.9,56140,EQ,,,
2014-02-28,21.15,21.15,20.6,20.85,44895,EQ,,,
2014-03-03,20.95,21.0,20.1,20.35,47350,EQ,,,
2014-03-04,20.55,20.6,20.05,20.25,144989,EQ,,,
2014-03-05,20.3,20.4,20.15,20.3,124341,EQ,,,
2014-03-06,20.25,20.3,19.95,20.0,85621,EQ,,,
2014-03-07,20.0,20.35,19.65,20.0,132484,EQ,,,
2014-03-10,19.9,20.4,19.6,19.9,90957,EQ,,,
2014-03-11,20.0,20.4,19.8,20.25,142757,EQ,,,
2014-03-12,19.8,20.3,19.8,20.25,39960,EQ,,,
2014-03-13,20.35,20.35,19.9,20.0,70373,EQ,,,
2014-03-14,19.9,20.1,19.5,19.7,64175,EQ,,,
2014-03-18,19.5,20.25,19.5,19.9,172080,EQ,,,
2014-03-19,19.75,20.0,19.7,19.85,178118,EQ,,,
2014-03-20,20.0,20.2,19.6,19.75,133544,EQ,,,
2014-03-21,20.0,20.7,20.0,20.3,357171,EQ,,,
2014-03-22,20.1,20.2,19.6,19.7,80026,EQ,,,
2014-03-24,20.15,20.2,19.8,19.9,171850,EQ,,,
2014-03-25,20.0,20.0,19.65,19.75,150356,EQ,,,
2014-03-26,20.05,20.25,19.8,19.9,184329,EQ,,,
2014-03-27,20.35,20.5,19.9,20.4,399596,EQ,,,
2014-03-28,20.4,22.2,20.2,21.85,464343,EQ,,,
2014-03-31,21.85,22.4,21.4,22.15,198180,EQ,,,
2014-04-01,22.25,22.95,22.25,22.8,289848,EQ,,,
2014-04-02,22.7,23.6,22.7,23.5,209246,EQ,,,
2014-04-03,23.65,24.55,23.0,24.45,418349,EQ,,,
2014-04-04,24.65,24.9,23.75,24.0,169439,EQ,,,
2014-04-07,23.9,24.45,23.3,23.7,138976,EQ,,,
2014-04-09,24.0,24.0,23.2,23.6,157769,EQ,,,
2014-04-10,23.5,24.1,23.5,24.0,128693,EQ,,,
2014-04-11,23.9,24.25,23.65,24.0,140649,EQ,,,
2014-04-15,23.15,24.05,23.15,23.8,83175,EQ,,,
2014-04-16,23.7,24.05,22.3,22.55,88806,EQ,,,
2014-04-17,22.45,23.0,22.4,22.55,91745,EQ,,,
2014-04-21,22.35,23.75,22.35,23.2,112007,EQ,,,
2014-04-22,23.15,23.5,22.9,23.1,69001,EQ,,,
2014-04-23,23.45,23.45,22.85,23.05,52262,EQ,,,
2014-04-25,23.0,24.45,22.95,24.0,210323,EQ,,,
2014-04-28,24.0,24.0,23.6,23.7,44113,EQ,,,
2014-04-29,23.7,23.8,23.15,23.45,43716,EQ,,,
2014-04-30,23.75,23.75,22.75,23.0,85211,EQ,,,
2014-05-02,22.55,22.85,22.3,22.7,63607,EQ,,,
2014-05-05,22.7,23.2,22.45,22.7,58695,EQ,,,
2014-05-06,22.9,23.4,22.55,23.2,72485,EQ,,,
2014-05-07,22.75,23.1,22.45,22.8,88905,EQ,,,
2014-05-08,22.7,22.75,22.45,22.45,27724,EQ,,,
2014-05-09,22.45,23.1,22.25,22.95,78989,EQ,,,
2014-05-12,22.95,23.4,22.5,22.8,156508,EQ,,,
2014-05-13,22.8,24.45,22.75,23.9,127057,EQ,,,
2014-05-14,24.45,24.45,23.3,23.5,97208,EQ,,,
2014-05-15,24.0,24.2,23.35,23.6,141253,EQ,,,
2014-05-16,24.5,26.3,23.65,25.55,798221,EQ,,,
2014-05-19,25.75,29.4,25.6,28.8,746426,EQ,,,
2014-05-20,28.9,29.7,27.4,28.0,509948,EQ,,,
2014-05-21,27.7,29.65,27.25,29.05,413147,EQ,,,
2014-05-22,29.4,31.05,29.05,30.8,534738,EQ,,,
2014-05-23,30.8,32.0,30.8,31.85,405353,EQ,,,
2014-05-26,31.85,35.9,31.85,33.25,1195846,EQ,,,
2014-05-27,33.25,33.4,30.8,32.0,227344,EQ,,,
2014-05-28,31.45,35.8,31.25,35.1,674736,EQ,,,
2014-05-29,35.9,37.8,35.25,36.95,963430,EQ,,,
2014-05-30,37.7,38.3,37.25,37.75,623675,EQ,,,
2014-06-02,37.9,38.55,37.7,38.3,465588,EQ,,,
2014-06-03,38.9,41.3,38.3,41.1,879290,EQ,,,
2014-06-04,42.0,42.9,40.8,41.7,504052,EQ,,,
2014-06-05,41.0,42.75,39.55,41.5,805812,EQ,,,
2014-06-06,42.0,42.5,40.1,41.15,498428,EQ,,,
2014-06-09,40.3,43.5,39.75,42.75,799909,EQ,,,
2014-06-10,45.0,45.0,41.5,42.5,968028,EQ,,,
2014-06-11,42.7,42.9,41.0,41.25,197913,EQ,,,
2014-06-12,41.0,43.7,40.3,42.2,625953,EQ,,,
2014-06-13,42.25,42.85,39.3,39.9,460745,EQ,,,
2014-06-16,39.5,40.2,37.6,39.9,571820,EQ,,,
2014-06-17,40.3,41.5,39.9,40.9,340810,EQ,,,
2014-06-18,41.6,41.6,39.5,40.05,240684,EQ,,,
2014-06-19,40.5,41.0,38.85,39.75,203623,EQ,,,
2014-06-20,39.7,40.75,37.4,37.9,410737,EQ,,,
2014-06-23,38.1,39.2,37.25,37.65,227605,EQ,,,
2014-06-24,37.95,39.3,37.75,39.0,287691,EQ,,,
2014-06-25,39.45,42.35,39.0,41.85,736302,EQ,,,
2014-06-26,43.0,43.45,41.15,41.45,960843,EQ,,,
2014-06-27,41.2,41.85,40.25,40.6,194789,EQ,,,
2014-06-30,41.4,41.4,39.0,40.0,139189,BE,,,
2014-07-01,41.4,41.4,39.0,40.45,94368,BE,,,
2014-07-02,40.5,41.4,40.0,40.8,148627,BE,,,
2014-07-03,41.0,41.0,39.5,39.7,108706,BE,,,
2014-07-04,39.5,41.0,39.3,40.85,129970,BE,,,
2014-07-07,41.25,41.9,39.4,41.55,160416,BE,,,
2014-07-08,41.0,42.5,39.5,39.9,174857,BE,,,
2014-07-09,39.5,40.35,38.05,38.75,102096,BE,,,
2014-07-10,38.25,40.65,38.2,39.65,132603,BE,,,
2014-07-11,40.0,41.0,37.8,38.85,121639,BE,,,
2014-07-14,38.05,38.5,37.05,37.55,99222,BE,,,
2014-07-15,38.0,39.0,37.0,38.3,134219,BE,,,
2014-07-16,40.2,40.2,40.2,40.2,69468,BE,,,
2014-07-17,42.2,42.2,40.3,41.3,348675,BE,,,
2014-07-18,40.05,41.0,39.8,40.35,143781,BE,,,
2014-07-21,41.0,41.5,39.6,40.45,208509,BE,,,
2014-07-22,40.1,41.25,40.0,40.95,320586,BE,,,
2014-07-23,39.55,41.0,39.5,39.8,67999,BE,,,
2014-07-24,39.85,40.45,39.0,39.55,134872,BE,,,
2014-07-25,39.5,40.15,39.0,39.7,75926,BE,,,
2014-07-28,40.0,40.0,37.75,38.8,67430,BE,,,
2014-07-30,37.8,39.7,37.8,39.25,122107,BE,,,
2014-07-31,37.35,40.6,37.35,40.15,441073,BE,,,
2014-08-01,39.6,40.9,39.15,40.45,134801,BE,,,
2014-08-04,40.2,41.15,40.15,40.6,80056,BE,,,
2014-08-05,38.6,40.0,38.6,39.85,177597,BE,,,
2014-08-06,39.85,40.3,39.05,39.95,160693,EQ,,,
2014-08-07,40.0,40.0,38.5,39.05,55076,EQ,,,
2014-08-08,39.9,39.9,37.55,37.95,85250,EQ,,,
2014-08-11,37.5,38.4,37.5,37.65,46742,EQ,,,
2014-08-12,37.65,38.0,37.0,37.5,75567,EQ,,,
2014-08-13,37.1,37.7,36.25,36.7,117831,EQ,,,
2014-08-14,36.3,37.7,36.1,36.85,113650,EQ,,,
2014-08-18,36.3,38.1,36.3,37.55,87584,EQ,,,
2014-08-19,37.8,38.5,37.0,37.6,159934,EQ,,,
2014-08-20,37.7,39.15,37.25,38.7,113068,EQ,,,
2014-08-21,39.3,39.3,37.9,38.05,59007,EQ,,,
2014-08-22,38.95,38.95,37.5,37.55,48972,EQ,,,
2014-08-25,36.6,39.4,36.5,37.7,818413,EQ,,,
2014-08-26,37.4,38.7,36.05,37.0,215364,EQ,,,
2014-08-27,37.65,37.65,36.55,36.85,70906,EQ,,,
2014-08-28,36.7,36.7,35.75,35.8,110389,EQ,,,
2014-09-01,35.25,37.4,35.25,37.0,173057,EQ,,,
2014-09-02,36.6,37.4,36.0,36.25,236448,EQ,,,
2014-09-03,36.85,36.85,36.05,36.3,153544,EQ,,,
2014-09-04,36.15,36.45,35.2,35.5,132005,EQ,,,
2014-09-05,35.3,37.1,35.3,36.9,132261,EQ,,,
2014-09-08,37.2,38.9,36.65,38.35,284465,EQ,,,
2014-09-09,38.25,38.9,37.75,38.1,109297,EQ,,,
2014-09-10,38.0,38.85,37.6,38.55,97500,EQ,,,
2014-09-11,38.1,40.8,38.0,40.05,326498,EQ,,,
2014-09-12,42.4,42.85,41.3,41.75,690382,EQ,,,
2014-09-15,41.0,41.65,40.6,40.95,278214,EQ,,,
2014-09-16,40.35,41.4,38.8,39.35,210918,EQ,,,
2014-09-17,40.1,40.35,38.7,39.3,154537,EQ,,,
2014-09-18,39.5,43.0,38.9,41.3,257047,EQ,,,
2014-09-19,42.5,42.6,40.4,40.75,212374,EQ,,,
2014-09-22,40.4,41.5,39.5,41.25,77874,EQ,,,
2014-09-23,40.3,41.25,39.05,39.25,115137,EQ,,,
2014-09-24,38.9,39.5,37.3,38.25,183303,EQ,,,
2014-09-25,39.5,39.5,37.0,37.3,92004,EQ,,,
2014-09-26,36.2,37.85,36.2,37.45,142048,EQ,,,
2014-09-29,37.45,39.25,37.45,38.85,77988,EQ,,,
2014-09-30,38.75,40.0,38.1,38.45,58266,EQ,,,
2014-10-01,38.0,39.4,37.65,38.85,86518,EQ,,,
2014-10-07,38.8,40.0,37.1,37.7,65867,EQ,,,
2014-10-08,37.4,39.0,37.05,38.45,79745,EQ,,,
2014-10-09,39.0,39.25,38.1,38.4,88818,EQ,,,
2014-10-10,38.4,38.4,37.75,37.9,50167,EQ,,,
2014-10-13,39.0,39.0,37.8,38.45,86841,EQ,,,
2014-10-14,38.9,41.35,38.2,41.05,560245,EQ,,,
2014-10-16,42.05,43.0,39.65,40.9,843861,EQ,,,
2014-10-17,41.5,41.5,35.0,37.9,1264326,EQ,,,
2014-10-20,38.95,40.25,37.4,37.6,200895,EQ,,,
2014-10-21,37.85,38.35,37.1,37.65,141165,EQ,,,
2014-10-22,37.5,38.5,37.25,37.65,123460,EQ,,,
2014-10-23,38.0,38.5,37.7,38.1,51776,EQ,,,
2014-10-27,37.3,38.15,37.25,37.6,74493,EQ,,,
2014-10-28,37.25,38.4,37.25,37.65,90634,EQ,,,
2014-10-29,37.3,38.3,37.25,37.45,78011,EQ,,,
2014-10-30,37.65,37.9,37.0,37.3,86141,EQ,,,
2014-10-31,37.6,39.2,37.6,38.95,189066,EQ,,,
2014-11-03,39.5,39.5,38.3,38.55,110084,EQ,,,
2014-11-05,39.4,39.4,37.6,38.65,134182,EQ,,,
2014-11-07,39.35,39.35,37.75,37.9,108168,EQ,,,
2014-11-10,37.2,37.9,37.05,37.5,197239,EQ,,,
2014-11-11,37.9,37.9,36.9,37.15,133670,EQ,,,
2014-11-12,37.15,37.6,36.75,36.9,137194,EQ,,,
2014-11-13,37.1,37.5,36.6,36.9,135277,EQ,,,
2014-11-14,36.35,38.25,36.35,37.55,168643,EQ,,,
2014-11-17,37.9,38.65,37.05,37.7,137151,EQ,,,
2014-11-18,38.8,38.8,37.6,38.15,109628,EQ,,,
2014-11-19,38.5,38.5,36.55,36.8,113156,EQ,,,
2014-11-20,37.0,37.05,36.0,36.25,163538,EQ,,,
2014-11-21,37.4,37.4,36.05,36.2,116805,EQ,,,
2014-11-24,37.15,37.3,36.25,37.15,110901,EQ,,,
2014-11-25,37.15,37.15,36.3,36.45,95062,EQ,,,
2014-11-26,36.2,36.95,36.05,36.6,64834,EQ,,,
2014-11-27,36.6,38.65,36.0,38.0,335347,EQ,,,
2014-11-28,38.35,38.35,37.6,38.0,157462,EQ,,,
2014-12-01,38.8,38.8,36.9,36.95,58185,EQ,,,
2014-12-02,37.0,37.5,36.25,36.6,73719,EQ,,,
2014-12-03,36.3,37.9,36.3,36.75,54590,EQ,,,
2014-12-04,36.8,37.6,36.5,36.65,89882,EQ,,,
2014-12-05,36.9,37.25,36.5,36.85,36093,EQ,,,
2014-12-08,36.3,38.15,36.3,37.05,126369,EQ,,,
2014-12-09,37.0,37.3,36.3,36.65,56218,EQ,,,
2014-12-10,36.8,37.7,36.05,37.4,85159,EQ,,,
2014-12-11,36.65,37.35,36.6,37.0,62139,EQ,,,
2014-12-12,36.9,37.6,36.55,36.85,84566,EQ,,,
2014-12-15,36.15,36.9,36.15,36.75,63992,EQ,,,
2014-12-16,36.7,36.7,34.15,34.95,231697,EQ,,,
2014-12-17,34.7,35.45,34.0,34.45,125718,EQ,,,
2014-12-18,35.4,35.5,34.8,35.4,69137,EQ,,,
2014-12-19,35.5,36.3,35.5,35.95,56469,EQ,,,
2014-12-22,36.0,36.25,35.55,35.65,21297,EQ,,,
2014-12-23,36.5,36.5,35.15,35.25,29492,EQ,,,
2014-12-24,36.0,36.0,35.1,35.2,18755,EQ,,,
2014-12-26,35.2,35.4,34.85,35.0,37467,EQ,,,
2014-12-29,35.15,36.25,34.75,34.95,84075,EQ,,,
2014-12-30,35.3,35.5,34.85,35.05,54404,EQ,,,
2014-12-31,35.05,35.6,34.95,35.5,84576,EQ,,,
2015-01-01,35.5,36.2,35.15,35.5,69732,EQ,,,
2015-01-02,35.7,36.6,35.7,36.2,88959,EQ,,,
2015-01-05,36.9,39.65,36.9,38.65,331333,EQ,,,
2015-01-06,38.5,38.5,36.35,36.9,147549,EQ,,,
2015-01-07,36.1,36.85,35.6,35.8,103557,EQ,,,
2015-01-08,36.7,37.2,36.15,37.0,169161,EQ,,,
2015-01-09,37.5,40.7,37.5,38.65,770037,EQ,,,
2015-01-12,38.95,39.7,38.55,39.0,304095,EQ,,,
2015-01-13,39.9,41.2,39.05,40.7,1210218,EQ,,,
2015-01-14,40.65,40.65,38.15,38.55,923928,EQ,,,
2015-01-15,38.95,39.55,38.35,38.45,219055,EQ,,,
2015-01-16,38.9,39.25,37.6,38.05,541363,EQ,,,
2015-01-19,37.7,39.0,36.65,37.6,475102,EQ,,,
2015-01-20,37.5,39.25,37.4,37.95,281057,EQ,,,
2015-01-21,37.95,39.4,37.05,37.4,555318,EQ,,,
2015-01-22,37.2,38.25,37.2,37.9,146212,EQ,,,
2015-01-23,37.65,39.15,37.65,38.1,189577,EQ,,,
2015-01-27,37.2,43.5,37.2,42.85,1624993,EQ,,,
2015-01-28,42.85,46.2,42.5,44.5,1473102,EQ,,,
2015-01-29,44.1,49.9,44.1,48.9,2135168,EQ,,,
2015-01-30,50.2,52.0,48.05,48.85,1145241,EQ,,,
2015-02-02,50.05,53.0,50.05,51.0,834819,EQ,,,
2015-02-03,51.7,51.8,48.85,49.75,492380,EQ,,,
2015-02-04,51.45,52.8,50.7,52.55,1210146,EQ,,,
2015-02-05,52.65,53.2,51.35,51.75,526540,EQ,,,
2015-02-06,52.8,54.25,50.95,53.05,693224,EQ,,,
2015-02-09,52.9,53.95,48.3,50.25,636234,EQ,,,
2015-02-10,49.0,54.0,49.0,51.8,361362,EQ,,,
2015-02-11,51.95,53.5,51.95,53.15,260978,EQ,,,
2015-02-12,53.1,56.0,51.9,54.45,590946,EQ,,,
2015-02-13,54.15,54.5,53.3,53.65,196600,EQ,,,
2015-02-16,53.95,54.5,53.7,54.15,196902,EQ,,,
2015-02-18,54.3,54.5,53.5,54.1,178627,EQ,,,
2015-02-19,54.45,54.65,52.5,54.1,197108,EQ,,,
2015-02-20,54.05,55.2,53.3,54.1,190597,EQ,,,
2015-02-23,54.0,54.6,53.6,53.85,148919,EQ,,,
2015-02-24,53.7,54.4,53.2,54.05,244282,EQ,,,
2015-02-25,54.0,54.15,53.5,53.95,142880,EQ,,,
2015-02-26,53.25,54.6,53.1,54.0,260563,EQ,,,
2015-02-27,54.15,55.0,53.5,53.8,147546,EQ,,,
2015-02-28,54.9,54.9,52.35,53.9,139131,EQ,,,
2015-03-02,53.8,54.0,52.8,53.05,94450,EQ,,,
2015-03-03,53.3,56.5,52.0,55.55,384081,EQ,,,
2015-03-04,55.0,55.0,47.0,52.9,1286838,EQ,,,
2015-03-05,52.9,53.35,48.6,50.95,293869,EQ,,,
2015-03-09,54.9,54.9,50.2,53.0,172333,EQ,,,
2015-03-10,53.5,54.3,51.65,52.0,94565,EQ,,,
2015-03-11,51.85,53.0,51.55,52.25,73713,EQ,,,
2015-03-12,50.0,52.7,50.0,52.1,65401,EQ,,,
2015-03-13,52.85,53.5,51.6,52.15,116163,EQ,,,
2015-03-16,52.05,52.7,42.1,47.9,173489,EQ,,,
2015-03-17,49.75,51.5,47.1,50.9,181619,EQ,,,
2015-03-18,50.5,51.5,49.5,51.05,89161,EQ,,,
2015-03-19,52.75,52.75,50.5,51.05,57179,EQ,,,
2015-03-20,50.95,52.3,50.1,50.85,97359,EQ,,,
2015-03-23,49.55,52.5,49.1,50.45,84263,EQ,,,
2015-03-24,50.95,50.95,49.75,50.7,61942,EQ,,,
2015-03-25,50.5,51.95,50.1,51.3,97703,EQ,,,
2015-03-26,51.0,51.3,50.5,50.85,49439,EQ,,,
2015-03-27,50.25,52.0,50.25,50.85,87233,EQ,,,
2015-03-30,50.15,51.3,50.0,51.0,74903,EQ,,,
2015-03-31,51.0,52.75,50.6,52.1,114169,EQ,,,
2015-04-01,52.9,52.9,51.25,52.05,27328,EQ,,,
2015-04-06,52.95,53.5,51.25,52.85,105113,EQ,,,
2015-04-07,53.9,53.9,51.55,53.25,66412,EQ,,,
2015-04-08,53.0,55.0,52.3,52.9,85312,EQ,,,
2015-04-09,53.1,54.9,53.1,53.8,70471,EQ,,,
2015-04-10,53.9,54.7,53.0,54.0,80516,EQ,,,
2015-04-13,53.2,55.3,53.2,54.95,151088,EQ,,,
2015-04-15,54.6,59.0,54.6,58.25,513220,EQ,,,
2015-04-16,63.0,63.9,58.5,59.75,636891,EQ,,,
2015-04-17,59.95,59.95,56.5,57.65,264840,EQ,,,
2015-04-20,58.0,59.25,57.0,57.6,137644,EQ,,,
2015-04-21,58.6,58.6,56.35,57.5,181260,EQ,,,
2015-04-22,57.1,58.65,54.25,57.5,169876,EQ,,,
2015-04-23,57.05,58.0,56.05,56.35,49956,EQ,,,
2015-04-24,56.1,57.0,53.15,54.4,148791,EQ,,,
2015-04-27,54.0,55.45,50.8,51.25,238802,EQ,,,
2015-04-28,49.5,53.65,49.5,52.8,166361,EQ,,,
2015-04-29,52.05,53.3,51.0,52.55,71509,EQ,,,
2015-04-30,53.5,54.35,52.25,53.5,53116,EQ,,,
2015-05-04,54.65,54.65,52.4,53.65,63599,EQ,,,
2015-05-05,54.0,54.6,53.6,53.95,35779,EQ,,,
2015-05-06,53.25,54.0,51.55,52.15,84623,EQ,,,
2015-05-07,52.0,52.7,47.5,49.4,137214,EQ,,,
2015-05-08,50.05,51.8,50.05,51.15,122097,EQ,,,
2015-05-11,52.6,52.85,51.25,52.3,41367,EQ,,,
2015-05-12,51.6,52.6,50.2,50.95,53006,EQ,,,
2015-05-13,51.95,52.7,50.5,51.5,101386,EQ,,,
2015-05-14,50.5,53.0,50.5,52.35,49001,EQ,,,
2015-05-15,52.95,53.5,51.65,52.15,53078,EQ,,,
2015-05-18,53.0,54.5,52.25,54.15,106316,EQ,,,
2015-05-19,54.85,54.95,53.3,54.2,77179,EQ,,,
2015-05-20,54.75,58.35,53.55,57.3,891691,EQ,,,
2015-05-21,57.3,57.3,54.0,54.25,244319,EQ,,,
2015-05-22,54.8,54.9,52.9,53.1,71845,EQ,,,
2015-05-25,54.0,54.75,53.1,53.6,55860,EQ,,,
2015-05-26,54.45,54.45,53.35,53.6,37342,EQ,,,
2015-05-27,53.3,53.95,52.75,53.45,43895,EQ,,,
2015-05-28,54.0,55.0,53.4,54.45,60019,EQ,,,
2015-05-29,53.2,55.9,53.2,55.35,71475,EQ,,,
2015-06-01,55.5,55.85,55.25,55.5,47518,EQ,,,
2015-06-02,55.45,55.55,53.1,54.0,234800,EQ,,,
2015-06-03,53.7,54.45,50.45,52.25,55604,EQ,,,
2015-06-04,52.25,53.0,51.3,52.05,47156,EQ,,,
2015-06-05,53.0,53.85,51.45,53.1,71174,EQ,,,
2015-06-08,52.85,52.85,50.9,51.45,20647,EQ,,,
2015-06-09,51.0,52.9,51.0,52.45,31919,EQ,,,
2015-06-10,52.15,53.7,52.1,53.4,34334,EQ,,,
2015-06-11,53.05,53.3,51.75,52.0,26282,EQ,,,
2015-06-12,52.0,52.9,51.0,52.55,48800,EQ,,,
2015-06-15,52.55,53.0,51.5,52.25,27591,EQ,,,
2015-06-16,52.1,54.5,52.1,53.7,40515,EQ,,,
2015-06-17,54.0,54.8,53.2,53.5,30957,EQ,,,
2015-06-18,54.2,55.2,52.8,54.5,191902,EQ,,,
2015-06-19,54.25,55.35,53.1,53.85,38929,EQ,,,
2015-06-22,52.2,54.5,52.2,54.05,74765,EQ,,,
2015-06-23,54.0,54.5,53.35,53.5,30090,EQ,,,
2015-06-24,53.65,54.25,52.35,52.6,42630,EQ,,,
2015-06-25,52.25,54.1,51.4,52.55,27770,EQ,,,
2015-06-26,54.0,54.0,52.0,52.25,29609,EQ,,,
2015-06-29,51.0,52.8,51.0,52.05,63392,EQ,,,
2015-06-30,52.65,52.65,51.5,51.95,31134,EQ,,,
2015-07-01,52.5,53.6,52.0,53.3,37672,EQ,,,
2015-07-02,53.05,54.25,52.55,53.1,48381,EQ,,,
2015-07-03,53.7,54.2,53.0,53.6,32414,EQ,,,
2015-07-06,54.7,54.7,50.45,53.5,101685,EQ,,,
2015-07-07,53.0,53.95,52.4,52.65,51269,EQ,,,
2015-07-08,52.8,53.15,51.0,52.0,52981,EQ,,,
2015-07-09,52.95,52.95,52.0,52.35,25544,EQ,,,
2015-07-10,52.85,52.9,51.9,52.2,45706,EQ,,,
2015-07-13,53.4,53.4,52.2,52.45,49389,EQ,,,
2015-07-14,52.9,54.8,52.7,53.05,82328,EQ,,,
2015-07-15,53.75,57.4,53.5,55.9,704275,EQ,,,
2015-07-16,58.9,58.9,53.0,54.0,873385,EQ,,,
2015-07-17,54.1,54.75,53.5,54.0,122748,EQ,,,
2015-07-20,54.35,54.5,53.55,54.3,76050,EQ,,,
2015-07-21,54.3,54.85,53.4,53.9,69728,EQ,,,
2015-07-22,54.0,54.05,52.0,53.05,116054,EQ,,,
2015-07-23,53.7,55.0,52.4,54.25,207359,EQ,,,
2015-07-24,53.0,54.0,51.8,52.4,269978,EQ,,,
2015-07-27,49.9,49.9,47.5,48.85,425691,EQ,,,
2015-07-28,50.45,50.45,46.25,47.15,100049,EQ,,,
2015-07-29,47.75,47.75,44.85,45.3,170427,EQ,,,
2015-07-30,45.6,53.4,45.25,51.0,914706,EQ,,,
2015-07-31,52.0,53.35,49.1,49.65,531122,EQ,,,
2015-08-03,49.5,50.25,47.3,47.75,269883,EQ,,,
2015-08-04,48.5,48.5,46.0,46.65,178612,EQ,,,
2015-08-05,46.7,47.9,46.1,46.85,120266,EQ,,,
2015-08-06,47.0,48.8,46.15,47.8,154442,EQ,,,
2015-08-07,48.4,48.5,46.55,47.25,115160,EQ,,,
2015-08-10,47.1,47.8,46.1,46.55,68606,EQ,,,
2015-08-11,47.0,47.15,44.8,44.95,104718,EQ,,,
2015-08-12,44.9,45.0,42.7,43.35,141380,EQ,,,
2015-08-13,44.65,44.65,42.5,43.45,80948,EQ,,,
2015-08-14,44.0,44.0,42.35,43.0,99299,EQ,,,
2015-08-17,43.9,43.95,42.15,43.7,53846,EQ,,,
2015-08-18,43.95,45.9,43.55,45.05,101735,EQ,,,
2015-08-19,44.75,45.45,44.1,44.55,64549,EQ,,,
2015-08-20,44.7,44.95,42.9,43.25,66448,EQ,,,
2015-08-21,42.75,43.4,40.4,42.25,165312,EQ,,,
2015-08-24,40.0,41.0,38.8,39.45,264827,EQ,,,
2015-08-25,39.0,40.0,35.9,37.5,295829,EQ,,,
2015-08-26,37.0,38.9,37.0,37.8,77960,EQ,,,
2015-08-27,38.4,41.0,38.0,40.25,96685,EQ,,,
2015-08-28,40.95,45.4,40.1,43.2,314404,EQ,,,
2015-08-31,43.45,44.1,41.5,43.1,60543,EQ,,,
2015-09-01,42.65,43.7,41.9,42.0,100041,EQ,,,
2015-09-02,42.15,42.95,41.8,42.05,57716,EQ,,,
2015-09-03,42.8,42.9,39.25,40.75,84675,EQ,,,
2015-09-04,40.35,40.5,37.2,38.15,161086,EQ,,,
2015-09-07,39.45,39.45,37.35,37.65,92003,EQ,,,
2015-09-08,37.55,37.75,35.9,36.4,129596,EQ,,,
2015-09-09,37.45,38.95,36.8,37.0,127795,EQ,,,
2015-09-10,36.1,36.75,36.0,36.35,53518,EQ,,,
2015-09-11,36.6,39.0,36.6,38.65,162539,EQ,,,
2015-09-14,38.65,39.4,37.85,38.6,59011,EQ,,,
2015-09-15,38.85,39.0,38.1,38.55,42471,EQ,,,
2015-09-16,38.85,39.15,38.6,38.8,33854,EQ,,,
2015-09-18,39.6,39.95,38.7,38.9,46396,EQ,,,
2015-09-21,39.55,40.5,38.25,40.1,42100,EQ,,,
2015-09-22,40.5,41.0,39.0,39.4,66601,EQ,,,
2015-09-23,40.0,41.75,38.55,39.6,94913,EQ,,,
2015-09-24,40.1,40.5,38.6,39.2,82080,EQ,,,
2015-09-28,39.65,39.9,38.5,38.85,54735,EQ,,,
2015-09-29,38.5,40.5,38.25,39.75,78120,EQ,,,
2015-09-30,39.7,40.5,39.4,39.95,56866,EQ,,,
2015-10-01,39.7,40.85,39.65,40.0,35283,EQ,,,
2015-10-05,40.2,41.75,40.2,41.3,85682,EQ,,,
2015-10-06,41.3,42.85,40.7,42.05,71869,EQ,,,
2015-10-07,42.75,42.75,41.0,41.6,38225,EQ,,,
2015-10-08,42.3,42.3,40.5,41.6,118565,EQ,,,
2015-10-09,42.0,43.4,40.7,42.85,100152,EQ,,,
2015-10-12,44.1,45.6,42.0,42.7,93270,EQ,,,
2015-10-13,42.7,44.0,42.2,43.2,45066,EQ,,,
2015-10-14,44.0,44.0,42.55,43.05,16231,EQ,,,
2015-10-15,43.5,43.95,42.35,42.65,36773,EQ,,,
2015-10-16,43.7,43.7,42.3,42.7,25260,EQ,,,
2015-10-19,42.6,42.95,42.05,42.35,41498,EQ,,,
2015-10-20,43.5,43.5,42.35,42.95,53892,EQ,,,
2015-10-21,42.75,43.5,42.55,42.8,50185,EQ,,,
2015-10-23,42.6,43.45,41.45,41.95,53661,EQ,,,
2015-10-26,41.75,43.0,41.05,42.15,39729,EQ,,,
2015-10-27,42.9,42.9,41.0,41.15,133494,EQ,,,
2015-10-28,42.5,42.5,40.25,41.1,29115,EQ,,,
2015-10-29,41.1,41.8,40.55,41.0,27289,EQ,,,
2015-10-30,41.25,41.25,39.0,40.0,76546,EQ,,,
2015-11-02,41.7,41.7,38.3,39.25,51117,EQ,,,
2015-11-03,39.65,40.25,38.65,39.05,61037,EQ,,,
2015-11-04,39.35,39.8,38.75,38.8,44028,EQ,,,
2015-11-05,38.65,40.0,38.05,39.3,56496,EQ,,,
2015-11-06,38.55,39.7,38.2,38.85,39115,EQ,,,
2015-11-09,38.0,40.25,37.5,40.15,81762,EQ,,,
2015-11-10,40.5,40.5,39.2,39.7,34659,EQ,,,
2015-11-11,41.5,41.5,39.75,40.2,24816,EQ,,,
2015-11-13,39.75,40.05,38.75,39.9,53923,EQ,,,
2015-11-16,39.3,40.4,38.9,39.2,62964,EQ,,,
2015-11-17,39.3,39.75,39.05,39.2,45317,EQ,,,
2015-11-18,39.1,41.2,38.5,38.8,153703,EQ,,,
2015-11-19,38.95,40.0,38.95,39.7,55334,EQ,,,
2015-11-20,39.35,40.0,39.15,39.85,52296,EQ,,,
2015-11-23,39.4,41.1,39.3,40.1,77431,EQ,,,
2015-11-24,40.05,40.9,39.8,40.05,51103,EQ,,,
2015-11-26,40.05,40.25,39.5,39.8,68564,EQ,,,
2015-11-27,39.9,40.5,39.2,40.15,94756,EQ,,,
2015-11-30,40.0,40.55,39.8,40.4,50744,EQ,,,
2015-12-01,40.1,40.7,39.85,39.95,85703,EQ,,,
2015-12-02,40.45,40.5,39.6,39.75,31217,EQ,,,
2015-12-03,39.95,40.25,39.5,39.75,36979,EQ,,,
2015-12-04,39.6,39.75,38.8,38.9,34280,EQ,,,
2015-12-07,39.4,39.4,38.0,38.7,67439,EQ,,,
2015-12-08,38.9,39.0,38.25,38.35,23237,EQ,,,
2015-12-09,38.4,38.5,37.4,37.6,26184,EQ,,,
2015-12-10,37.75,38.25,37.5,37.5,36371,EQ,,,
2015-12-11,38.75,38.75,36.5,37.2,106875,EQ,,,
2015-12-14,37.0,37.45,36.3,36.65,33452,EQ,,,
2015-12-15,36.75,37.7,36.35,36.75,35515,EQ,,,
2015-12-16,39.5,39.5,36.9,37.6,28583,EQ,,,
2015-12-17,37.65,38.4,37.3,37.8,26024,EQ,,,
2015-12-18,37.55,39.1,37.55,38.9,57647,EQ,,,
2015-12-21,39.1,39.85,37.95,39.35,79547,EQ,,,
2015-12-22,39.0,40.8,38.55,40.4,143024,EQ,,,
2015-12-23,42.3,42.85,40.6,41.0,451040,EQ,,,
2015-12-24,40.2,42.4,40.2,40.6,40051,EQ,,,
2015-12-28,40.75,40.95,39.3,39.6,48451,EQ,,,
2015-12-29,39.85,40.7,38.6,39.05,106307,EQ,,,
2015-12-30,39.65,39.65,38.6,38.9,45088,EQ,,,
2015-12-31,38.95,39.6,38.9,39.2,81909,EQ,,,
2016-01-01,39.2,39.75,39.0,39.4,30230,EQ,,,
2016-01-04,39.75,40.0,39.0,39.05,61969,EQ,,,
2016-01-05,39.45,39.45,38.7,39.1,46365,EQ,,,
2016-01-06,39.5,39.85,38.6,38.75,58577,EQ,,,
2016-01-07,39.35,39.4,37.0,37.2,143938,EQ,,,
2016-01-08,37.6,38.5,37.4,37.7,47793,EQ,,,
2016-01-11,39.4,39.4,36.9,37.55,44120,EQ,,,
2016-01-12,38.45,38.5,36.75,36.95,38890,EQ,,,
2016-01-13,37.7,37.7,35.0,37.05,117862,EQ,,,
2016-01-14,37.25,37.25,35.3,36.3,35981,EQ,,,
2016-01-15,36.25,37.0,34.55,35.25,57112,EQ,,,
2016-01-18,35.15,35.5,33.0,34.15,109766,EQ,,,
2016-01-19,34.9,34.9,33.5,34.25,38444,EQ,,,
2016-01-20,34.45,37.7,34.0,36.7,173153,EQ,,,
2016-01-21,37.85,38.5,35.55,36.3,258554,EQ,,,
2016-01-22,37.2,37.9,34.7,36.2,348419,EQ,,,
2016-01-25,36.1,39.5,34.4,38.0,388307,EQ,,,
2016-01-27,39.2,39.2,36.5,36.65,46973,EQ,,,
2016-01-28,36.9,37.0,36.2,36.4,28428,EQ,,,
2016-01-29,36.85,38.0,35.85,37.1,70529,EQ,,,
2016-02-01,36.65,36.95,35.65,35.8,58085,EQ,,,
2016-02-02,36.0,36.25,35.0,35.75,54059,EQ,,,
2016-02-03,35.2,35.5,34.35,34.6,47067,EQ,,,
2016-02-04,35.25,35.45,34.05,34.3,33165,EQ,,,
2016-02-05,34.35,34.8,33.4,34.6,36791,EQ,,,
2016-02-08,34.95,34.95,33.65,33.7,50363,EQ,,,
2016-02-09,33.75,34.4,33.1,33.3,32378,EQ,,,
2016-02-10,33.2,33.35,31.0,31.65,79255,EQ,,,
2016-02-11,31.5,31.5,29.1,29.55,84183,EQ,,,
2016-02-12,29.55,34.75,28.05,32.1,130987,EQ,,,
2016-02-15,32.9,33.5,30.8,32.25,46771,EQ,,,
2016-02-16,33.2,33.2,29.8,30.15,51236,EQ,,,
2016-02-17,30.3,32.45,29.05,30.15,46561,EQ,,,
2016-02-18,31.45,31.9,29.7,30.8,118976,EQ,,,
2016-02-19,31.95,31.95,30.1,30.6,31983,EQ,,,
2016-02-22,31.55,31.6,30.55,30.75,19450,EQ,,,
2016-02-23,31.15,31.2,29.8,30.0,24410,EQ,,,
2016-02-24,29.3,30.05,29.3,29.4,46171,EQ,,,
2016-02-25,29.8,30.25,28.85,29.0,26109,EQ,,,
2016-02-26,29.75,30.75,28.95,29.1,29067,EQ,,,
2016-02-29,29.85,29.85,28.5,28.9,43641,EQ,,,
2016-03-01,29.7,31.9,29.1,31.2,55938,EQ,,,
2016-03-02,31.5,32.0,31.4,31.75,34641,EQ,,,
2016-03-03,31.95,31.95,31.2,31.3,33529,EQ,,,
2016-03-04,31.3,34.0,30.1,31.0,116794,EQ,,,
2016-03-08,31.5,31.9,30.5,30.8,83795,EQ,,,
2016-03-09,30.5,31.1,30.3,30.95,27265,EQ,,,
2016-03-10,30.9,32.1,30.8,31.8,55600,EQ,,,
2016-03-11,31.9,32.0,31.3,31.45,39230,EQ,,,
2016-03-14,31.45,32.0,31.2,31.45,36067,EQ,,,
2016-03-15,31.45,31.85,30.65,30.9,61701,EQ,,,
2016-03-16,31.7,31.7,30.6,30.85,38587,EQ,,,
2016-03-17,32.0,32.0,30.75,30.9,37081,EQ,,,
2016-03-18,30.95,31.2,30.7,30.9,44446,EQ,,,
2016-03-21,31.4,34.75,31.15,34.45,378519,EQ,,,
2016-03-22,36.75,36.75,34.15,34.5,940234,EQ,,,
2016-03-23,34.8,34.8,33.3,33.9,111307,EQ,,,
2016-03-28,33.4,33.5,31.55,31.9,92211,EQ,,,
2016-03-29,32.0,32.8,30.75,31.05,73688,EQ,,,
2016-03-30,31.3,32.0,30.95,31.2,93139,EQ,,,
2016-03-31,31.1,31.5,30.75,30.9,68658,EQ,,,
2016-04-01,30.8,31.45,30.8,31.3,53907,EQ,,,
2016-04-04,31.65,31.75,30.5,31.3,48517,EQ,,,
2016-04-05,31.4,31.4,30.15,30.25,61775,EQ,,,
2016-04-06,30.65,31.0,30.3,30.8,32157,EQ,,,
2016-04-07,30.8,31.0,30.45,30.7,24952,EQ,,,
2016-04-08,30.85,31.25,30.65,31.05,21062,EQ,,,
2016-04-11,31.0,31.3,30.85,31.05,32061,EQ,,,
2016-04-12,31.4,32.0,31.05,31.7,67345,EQ,,,
2016-04-13,31.85,32.85,31.8,32.45,117004,EQ,,,
2016-04-18,32.8,33.2,31.5,32.55,188318,EQ,,,
2016-04-20,32.5,33.5,32.5,33.35,80439,EQ,,,
2016-04-21,33.9,34.45,33.1,34.2,113093,EQ,,,
2016-04-22,35.6,36.0,34.25,35.5,336594,EQ,,,
2016-04-25,36.25,36.25,35.1,35.4,107017,EQ,,,
2016-04-26,35.1,35.95,35.1,35.45,78271,EQ,,,
2016-04-27,35.7,36.45,35.45,36.25,94164,EQ,,,
2016-04-28,36.1,36.4,35.5,36.1,101661,EQ,,,
2016-04-29,36.1,36.75,35.6,35.75,60602,EQ,,,
2016-05-02,36.6,36.6,34.2,35.35,88646,EQ,,,
2016-05-03,35.0,36.05,35.0,35.55,79140,EQ,,,
2016-05-04,35.55,36.45,35.45,35.6,62096,EQ,,,
2016-05-05,35.5,36.7,35.25,36.45,99198,EQ,,,
2016-05-06,36.45,36.45,35.5,35.8,34590,EQ,,,
2016-05-09,35.95,36.75,35.7,36.4,69046,EQ,,,
2016-05-10,36.55,36.95,36.2,36.85,81656,EQ,,,
2016-05-11,36.4,37.0,36.2,36.65,42941,EQ,,,
2016-05-12,36.8,38.2,36.75,37.95,84938,EQ,,,
2016-05-13,38.1,39.85,38.0,39.0,117678,EQ,,,
2016-05-16,39.55,39.6,37.7,38.15,117661,EQ,,,
2016-05-17,38.8,39.15,37.85,38.75,91383,EQ,,,
2016-05-18,38.5,39.3,38.5,38.9,60577,EQ,,,
2016-05-19,39.3,39.3,38.5,38.8,42259,EQ,,,
2016-05-20,38.0,39.2,38.0,38.9,73508,EQ,,,
2016-05-23,38.45,39.2,38.0,38.5,41833,EQ,,,
2016-05-24,39.75,39.75,35.1,37.55,94695,EQ,,,
2016-05-25,38.3,39.8,37.35,38.15,72298,EQ,,,
2016-05-26,38.05,38.55,37.55,37.95,232362,EQ,,,
2016-05-27,36.05,38.2,36.0,37.95,295429,EQ,,,
2016-05-30,38.0,38.9,37.0,38.0,369412,EQ,,,
2016-05-31,37.75,41.4,37.75,38.8,139564,EQ,,,
2016-06-01,38.6,39.15,38.05,38.85,118301,EQ,,,
2016-06-02,39.0,40.25,38.45,40.0,221008,EQ,,,
2016-06-03,39.95,40.7,39.75,39.85,124264,EQ,,,
2016-06-06,39.55,41.05,39.05,39.2,107207,EQ,,,
2016-06-07,39.1,40.0,38.15,38.65,92914,EQ,,,
2016-06-08,39.05,39.45,37.8,38.5,103427,EQ,,,
2016-06-09,38.9,40.9,38.9,39.6,91414,EQ,,,
2016-06-10,39.75,41.05,39.3,39.95,156979,EQ,,,
2016-06-13,39.8,40.0,39.2,39.45,70484,EQ,,,
2016-06-14,39.05,39.6,38.5,39.2,71656,EQ,,,
2016-06-15,39.25,40.8,38.95,40.45,101193,EQ,,,
2016-06-16,39.95,41.25,39.5,40.55,83953,EQ,,,
2016-06-17,40.55,40.75,39.3,39.7,69438,EQ,,,
2016-06-20,38.6,40.0,38.6,39.55,69841,EQ,,,
2016-06-21,39.55,40.1,39.1,39.25,52831,EQ,,,
2016-06-22,39.15,39.8,38.6,38.8,56558,EQ,,,
2016-06-23,38.7,39.45,38.55,38.85,32734,EQ,,,
2016-06-24,38.7,38.7,36.05,38.25,98705,EQ,,,
2016-06-27,37.6,39.3,37.6,38.7,36027,EQ,,,
2016-06-28,39.25,39.8,38.9,39.05,53489,EQ,,,
2016-06-29,39.1,39.85,38.8,39.4,83485,EQ,,,
2016-06-30,39.4,40.5,39.35,39.95,121568,EQ,,,
2016-07-01,40.6,40.9,39.2,39.6,66968,EQ,,,
2016-07-04,40.35,40.4,39.65,39.85,119273,EQ,,,
2016-07-05,40.0,40.2,39.4,39.75,46528,EQ,,,
2016-07-07,40.0,40.0,39.1,39.35,65644,EQ,,,
2016-07-08,39.4,40.2,39.3,39.4,72578,EQ,,,
2016-07-11,39.85,40.0,39.25,39.45,78553,EQ,,,
2016-07-12,39.55,40.0,39.4,39.45,74471,EQ,,,
2016-07-13,39.45,39.8,39.1,39.1,89990,EQ,,,
2016-07-14,39.25,39.95,38.85,39.3,39887,EQ,,,
2016-07-15,39.45,39.5,38.75,39.2,88721,EQ,,,
2016-07-18,39.05,39.4,38.5,38.65,58697,EQ,,,
2016-07-19,38.75,39.1,38.6,38.95,53656,EQ,,,
2016-07-20,38.6,42.0,38.6,41.45,405407,EQ,,,
2016-07-21,41.65,41.7,39.3,39.8,137645,EQ,,,
2016-07-22,39.5,44.0,39.5,42.75,703840,EQ,,,
2016-07-25,42.8,43.4,42.3,42.6,268367,EQ,,,
2016-07-26,42.8,43.4,41.7,42.15,175920,EQ,,,
2016-07-27,42.0,44.2,41.95,42.95,264013,EQ,,,
2016-07-28,43.0,44.7,43.0,43.8,389399,EQ,,,
2016-07-29,43.75,44.7,43.5,43.85,157848,EQ,,,
2016-08-01,44.15,44.85,42.0,42.2,176418,EQ,,,
2016-08-02,42.55,43.4,40.8,41.3,189838,EQ,,,
2016-08-03,41.85,42.2,41.1,41.6,113834,EQ,,,
2016-08-04,42.65,43.85,41.1,42.6,575330,EQ,,,
2016-08-05,42.9,43.7,41.9,42.35,288138,EQ,,,
2016-08-08,42.7,42.8,41.25,41.7,126952,EQ,,,
2016-08-09,41.95,41.95,40.3,40.95,75198,EQ,,,
2016-08-10,41.85,44.9,39.7,44.0,678396,EQ,,,
2016-08-11,44.85,44.85,39.65,41.0,930647,EQ,,,
2016-08-12,41.5,41.9,40.5,40.75,109029,EQ,,,
2016-08-16,41.3,41.3,39.85,40.1,76751,EQ,,,
2016-08-17,40.2,40.6,39.5,39.75,77758,EQ,,,
2016-08-18,40.6,41.5,40.2,40.45,156128,EQ,,,
2016-08-19,40.65,41.2,40.25,40.45,87906,EQ,,,
2016-08-22,40.95,41.15,40.2,40.5,74789,EQ,,,
2016-08-23,40.5,40.75,40.15,40.25,59575,EQ,,,
2016-08-24,40.25,40.85,39.8,40.0,103850,EQ,,,
2016-08-25,40.0,40.5,39.6,39.65,77675,EQ,,,
2016-08-26,39.7,40.4,38.1,38.8,123253,EQ,,,
2016-08-29,38.9,39.7,38.8,39.1,77848,EQ,,,
2016-08-30,39.55,39.6,38.9,39.25,106412,EQ,,,
2016-08-31,39.8,39.8,39.05,39.2,142456,EQ,,,
2016-09-01,39.25,39.4,38.65,38.75,53600,EQ,,,
2016-09-02,39.7,39.75,38.8,39.1,121328,EQ,,,
2016-09-06,39.2,39.95,39.05,39.55,139795,EQ,,,
2016-09-07,39.9,40.6,39.4,40.05,126237,EQ,,,
2016-09-08,39.9,40.65,39.6,39.9,149741,EQ,,,
2016-09-09,40.05,40.6,39.05,39.45,137847,EQ,,,
2016-09-12,39.0,39.25,38.25,38.5,49701,EQ,,,
2016-09-14,39.6,39.6,38.25,38.35,98440,EQ,,,
2016-09-15,38.7,38.85,38.5,38.6,55917,EQ,,,
2016-09-16,39.5,40.0,38.6,39.1,146553,EQ,,,
2016-09-19,39.7,39.7,38.9,39.3,63613,EQ,,,
2016-09-20,39.5,39.5,38.4,38.6,50021,EQ,,,
2016-09-21,38.85,39.3,38.6,39.0,94632,EQ,,,
2016-09-22,39.65,40.0,39.25,39.6,93508,EQ,,,
2016-09-23,39.3,39.9,39.0,39.15,62652,EQ,,,
2016-09-26,39.05,39.2,38.45,38.55,84497,EQ,,,
2016-09-27,38.6,39.45,38.15,38.65,44157,EQ,,,
2016-09-28,38.65,39.2,38.1,38.5,99589,EQ,,,
2016-09-29,38.85,39.0,35.5,36.25,210521,EQ,,,
2016-09-30,36.55,37.65,35.5,36.65,108427,EQ,,,
2016-10-03,36.85,38.9,36.5,38.55,103727,EQ,,,
2016-10-04,39.0,39.0,38.1,38.15,49943,EQ,,,
2016-10-05,38.3,39.4,38.15,39.05,131590,EQ,,,
2016-10-06,39.0,40.05,38.85,39.2,131311,EQ,,,
2016-10-07,39.25,39.75,38.8,39.25,69086,EQ,,,
2016-10-10,39.7,41.4,39.2,40.7,194241,EQ,,,
2016-10-13,41.95,41.95,39.1,39.5,127446,EQ,,,
2016-10-14,40.6,40.6,38.75,39.1,102493,EQ,,,
2016-10-17,39.1,39.4,38.55,38.7,115093,EQ,,,
2016-10-18,38.75,39.65,38.75,39.5,67158,EQ,,,
2016-10-19,39.95,40.65,39.25,40.15,253755,EQ,,,
2016-10-20,40.0,41.0,40.0,40.15,193302,EQ,,,
2016-10-21,40.0,40.7,38.8,39.3,186072,EQ,,,
2016-10-24,40.5,41.05,39.15,39.65,306989,EQ,,,
2016-10-25,39.6,41.9,39.45,41.15,447976,EQ,,,
2016-10-26,40.8,41.9,40.35,40.55,195250,EQ,,,
2016-10-27,41.0,41.5,40.4,40.7,165382,EQ,,,
2016-10-28,40.7,41.1,40.2,40.4,150316,EQ,,,
2016-10-30,41.0,41.35,40.8,41.05,59099,EQ,,,
2016-11-01,41.95,42.45,40.65,40.95,518587,EQ,,,
2016-11-02,40.6,41.9,40.0,40.3,346429,EQ,,,
2016-11-03,39.5,41.45,38.85,40.2,621493,EQ,,,
2016-11-04,39.9,40.0,37.3,37.6,265759,EQ,,,
2016-11-07,38.0,39.4,38.0,38.65,793007,EQ,,,
2016-11-08,38.25,39.65,37.7,38.0,342295,EQ,,,
2016-11-09,31.95,39.4,31.9,37.4,419883,EQ,,,
2016-11-10,38.95,38.95,36.8,37.0,531435,EQ,,,
2016-11-11,36.9,37.25,36.0,36.2,180189,EQ,,,
2016-11-15,36.45,36.8,34.9,35.2,257040,EQ,,,
2016-11-16,35.6,36.0,34.5,35.1,110508,EQ,,,
2016-11-17,35.0,35.9,34.85,35.55,130513,EQ,,,
2016-11-18,35.75,36.2,34.7,36.0,79700,EQ,,,
2016-11-21,36.0,36.0,34.45,35.7,91871,EQ,,,
2016-11-22,35.5,35.65,34.7,35.3,88097,EQ,,,
2016-11-23,35.55,36.25,34.25,35.85,80088,EQ,,,
2016-11-24,35.25,36.4,35.25,35.75,72298,EQ,,,
2016-11-25,36.75,36.75,35.25,35.7,74140,EQ,,,
2016-11-28,36.6,37.15,35.8,36.9,39037,EQ,,,
2016-11-29,37.7,37.7,36.3,36.55,33821,EQ,,,
2016-11-30,36.35,37.2,36.2,36.85,63041,EQ,,,
2016-12-01,36.45,37.15,36.05,37.0,39855,EQ,,,
2016-12-02,36.5,36.8,36.0,36.45,26917,EQ,,,
2016-12-05,36.5,37.2,36.0,36.95,67262,EQ,,,
2016-12-06,36.7,37.0,36.4,36.55,28995,EQ,,,
2016-12-07,37.4,37.4,36.1,36.3,36608,EQ,,,
2016-12-08,36.9,37.25,36.55,36.9,60295,EQ,,,
2016-12-09,37.0,37.5,36.7,37.25,49308,EQ,,,
2016-12-12,37.7,38.4,37.0,37.25,50019,EQ,,,
2016-12-13,37.2,37.5,36.55,36.65,19891,EQ,,,
2016-12-14,37.35,37.4,36.3,36.35,27723,EQ,,,
2016-12-15,36.05,36.5,36.0,36.35,31884,EQ,,,
2016-12-16,36.5,36.85,36.2,36.35,25011,EQ,,,
2016-12-19,36.1,36.7,35.8,36.0,31469,EQ,,,
2016-12-20,35.9,36.4,35.35,35.6,49579,EQ,,,
2016-12-21,36.7,36.7,35.0,36.1,63003,EQ,,,
2016-12-22,35.6,36.2,35.5,35.65,38427,EQ,,,
2016-12-23,35.7,35.9,35.3,35.6,28118,EQ,,,
2016-12-26,35.25,35.6,34.5,34.55,27028,EQ,,,
2016-12-27,34.55,34.85,34.1,34.35,22874,EQ,,,
2016-12-28,34.75,35.25,34.55,34.75,23165,EQ,,,
2016-12-29,34.7,34.9,34.0,34.4,38904,EQ,,,
2016-12-30,34.95,34.95,34.1,34.4,62471,EQ,,,
2017-01-02,34.55,35.65,34.3,35.3,43881,EQ,,,
2017-01-03,35.55,35.85,35.2,35.5,27741,EQ,,,
2017-01-04,35.5,35.85,35.05,35.25,34280,EQ,,,
2017-01-05,35.7,36.8,35.5,36.45,48349,EQ,,,
2017-01-06,36.9,37.5,35.9,36.2,48171,EQ,,,
2017-01-09,36.5,36.5,35.6,35.65,26299,EQ,,,
2017-01-10,36.2,36.2,35.5,36.0,35345,EQ,,,
2017-01-11,36.0,37.5,35.7,36.9,52330,EQ,,,
2017-01-12,37.0,37.0,36.2,36.55,33510,EQ,,,
2017-01-13,36.4,37.0,36.25,36.8,45550,EQ,,,
2017-01-16,36.8,36.8,35.85,36.05,66140,EQ,,,
2017-01-17,36.2,36.75,36.05,36.15,45658,EQ,,,
2017-01-18,36.55,37.45,36.25,37.2,144945,EQ,,,
2017-01-19,36.9,37.3,36.05,36.8,55282,EQ,,,
2017-01-20,37.0,37.0,36.4,36.6,41732,EQ,,,
2017-01-23,37.0,37.5,36.55,36.6,29822,EQ,,,
2017-01-24,36.5,37.0,36.5,36.7,39619,EQ,,,
2017-01-25,36.65,36.9,36.6,36.75,30159,EQ,,,
2017-01-27,37.45,38.6,37.05,38.05,246785,EQ,,,
2017-01-30,39.9,41.15,39.05,39.45,735992,EQ,,,
2017-01-31,40.0,40.4,38.4,38.95,145482,EQ,,,
2017-02-01,39.05,39.5,38.15,38.7,98558,EQ,,,
2017-02-02,39.25,40.0,38.95,39.3,201383,EQ,,,
2017-02-03,39.1,39.8,39.0,39.05,136580,EQ,,,
2017-02-06,39.85,39.95,39.15,39.5,115250,EQ,,,
2017-02-07,39.3,39.85,39.0,39.3,100964,EQ,,,
2017-02-08,39.8,39.8,38.95,39.15,76704,EQ,,,
2017-02-09,39.15,39.5,38.75,39.15,79262,EQ,,,
2017-02-10,38.9,39.5,38.9,39.25,40976,EQ,,,
2017-02-13,39.2,41.55,39.05,40.8,325352,EQ,,,
2017-02-14,40.8,41.0,40.0,40.45,119398,EQ,,,
2017-02-15,40.5,40.5,39.35,39.6,66778,EQ,,,
2017-02-16,40.0,41.4,39.15,40.8,175880,EQ,,,
2017-02-17,41.2,41.2,40.3,40.9,134748,EQ,,,
2017-02-20,40.5,41.8,40.5,41.4,130096,EQ,,,
2017-02-21,42.05,43.45,41.75,42.65,509575,EQ,,,
2017-02-22,42.85,43.4,41.8,42.0,174257,EQ,,,
2017-02-23,42.4,42.4,41.3,41.9,132224,EQ,,,
2017-02-27,42.3,42.3,40.6,40.9,119244,EQ,,,
2017-02-28,41.0,44.5,41.0,44.0,569487,EQ,,,
2017-03-01,44.5,44.75,43.25,43.7,228404,EQ,,,
2017-03-02,44.0,44.2,42.15,42.35,76912,EQ,,,
2017-03-03,42.3,43.4,41.55,43.05,83237,EQ,,,
2017-03-06,42.85,44.9,42.5,44.55,422740,EQ,,,
2017-03-07,44.9,47.2,44.75,46.8,413277,EQ,,,
2017-03-08,46.8,47.7,45.3,45.7,484995,EQ,,,
2017-03-09,45.35,50.1,45.35,49.05,1338631,EQ,,,
2017-03-10,49.5,49.9,48.05,48.3,282421,EQ,,,
2017-03-14,50.0,50.4,48.55,49.3,576061,EQ,,,
2017-03-15,49.8,50.3,49.0,49.75,264049,EQ,,,
2017-03-16,50.3,51.4,50.25,50.95,417168,EQ,,,
2017-03-17,51.0,51.1,49.0,49.8,193980,EQ,,,
2017-03-20,49.8,50.9,48.25,50.4,279261,EQ,,,
2017-03-21,50.85,50.85,49.0,49.6,109244,EQ,,,
2017-03-22,49.1,49.75,48.4,48.7,109889,EQ,,,
2017-03-23,49.2,49.45,47.5,48.35,112486,EQ,,,
2017-03-24,48.65,48.85,47.4,47.65,254303,EQ,,,
2017-03-27,48.4,48.4,47.0,47.1,57797,EQ,,,
2017-03-28,47.5,50.5,47.1,49.25,343254,EQ,,,
2017-03-29,50.0,51.5,48.75,51.0,293472,EQ,,,
2017-03-30,51.3,53.2,51.25,52.7,326862,EQ,,,
2017-03-31,53.0,59.5,52.85,59.15,1853637,EQ,,,
2017-04-03,59.5,62.95,58.3,59.65,1879333,EQ,,,
2017-04-05,60.4,63.9,59.0,61.8,720623,EQ,,,
2017-04-06,61.0,61.95,60.25,60.65,257858,EQ,,,
2017-04-07,61.0,63.0,59.1,59.65,748302,EQ,,,
2017-04-10,61.0,61.8,59.8,60.5,517231,EQ,,,
2017-04-11,60.55,62.8,60.55,61.25,332692,EQ,,,
2017-04-12,61.45,61.45,58.45,60.4,241487,EQ,,,
2017-04-13,60.5,61.1,59.4,59.6,205732,EQ,,,
2017-04-17,59.8,60.0,58.45,59.35,144974,EQ,,,
2017-04-18,59.25,60.9,58.8,59.0,1281852,EQ,,,
2017-04-19,59.1,60.25,59.0,59.55,101361,EQ,,,
2017-04-20,59.4,60.95,59.3,59.8,161313,EQ,,,
2017-04-21,60.3,60.5,59.5,59.65,623956,EQ,,,
2017-04-24,59.5,64.0,59.5,63.65,1512576,EQ,,,
2017-04-25,64.9,68.0,64.5,65.55,633205,EQ,,,
2017-04-26,66.0,67.95,62.85,63.55,502084,EQ,,,
2017-04-27,65.6,66.45,64.0,65.55,494278,EQ,,,
2017-04-28,64.45,64.7,62.25,63.15,452735,EQ,,,
2017-05-02,63.5,65.0,62.65,62.95,213312,EQ,,,
2017-05-03,62.55,65.0,62.55,64.0,317024,EQ,,,
2017-05-04,63.45,66.0,63.45,64.65,390040,EQ,,,
2017-05-05,64.65,65.45,63.65,64.1,271720,EQ,,,
2017-05-08,64.3,68.4,64.3,67.9,569332,EQ,,,
2017-05-09,68.2,70.25,67.6,69.85,823956,EQ,,,
2017-05-10,68.5,70.5,68.5,70.0,576937,EQ,,,
2017-05-11,70.0,73.2,70.0,71.65,449575,EQ,,,
2017-05-12,71.3,72.8,69.2,71.25,307330,EQ,,,
2017-05-15,72.0,79.0,71.5,77.75,1382819,EQ,,,
2017-05-16,78.3,79.85,77.5,77.95,1247384,EQ,,,
2017-05-17,78.5,81.5,77.9,80.8,1260098,EQ,,,
2017-05-18,79.5,81.4,75.6,76.8,790915,EQ,,,
2017-05-19,77.05,79.4,73.0,76.0,569431,EQ,,,
2017-05-22,76.4,79.8,76.35,77.1,490098,EQ,,,
2017-05-23,77.75,77.85,71.25,74.2,412990,EQ,,,
2017-05-24,74.95,77.0,71.2,72.3,278476,EQ,,,
2017-05-25,71.6,75.4,71.6,74.75,269610,EQ,,,
2017-05-26,75.5,81.0,75.1,78.45,723596,EQ,,,
2017-05-29,80.95,82.0,72.65,74.2,464302,EQ,,,
2017-05-30,74.85,75.85,72.45,75.2,468805,EQ,,,
2017-05-31,75.5,77.8,74.1,77.0,245855,EQ,,,
2017-06-01,76.1,79.2,76.1,78.35,169277,EQ,,,
2017-06-02,79.05,81.15,77.5,80.0,339158,EQ,,,
2017-06-05,80.8,84.45,79.1,83.9,535512,EQ,,,
2017-06-06,84.6,84.8,81.9,82.6,339167,EQ,,,
2017-06-07,83.3,91.3,82.1,86.5,2006729,EQ,,,
2017-06-08,87.25,90.0,87.25,89.5,791997,EQ,,,
2017-06-09,90.3,93.3,89.1,93.0,1148876,EQ,,,
2017-06-12,92.7,97.2,90.75,91.45,1292053,EQ,,,
2017-06-13,92.25,95.5,92.2,94.95,1472547,EQ,,,
2017-06-14,95.85,105.3,95.3,104.0,4092981,EQ,,,
2017-06-15,104.0,108.7,102.5,104.5,2156604,EQ,,,
2017-06-16,105.9,107.45,102.25,103.75,941997,EQ,,,
2017-06-19,105.0,105.35,97.6,98.65,1032595,EQ,,,
2017-06-20,100.45,101.9,98.8,99.85,578679,EQ,,,
2017-06-21,99.8,100.7,99.0,99.95,467267,EQ,,,
2017-06-22,102.0,102.9,99.0,100.3,609835,EQ,,,
2017-06-23,99.5,101.5,97.0,99.55,721366,EQ,,,
2017-06-27,99.1,100.45,97.15,98.45,405056,EQ,,,
2017-06-28,98.45,98.45,95.95,97.05,311287,EQ,,,
2017-06-29,97.5,100.2,97.15,97.75,202850,EQ,,,
2017-06-30,97.5,98.65,96.8,97.8,205986,EQ,,,
2017-07-03,98.8,100.0,98.0,98.5,198805,EQ,,,
2017-07-04,99.45,103.4,98.2,102.65,565136,EQ,,,
2017-07-05,103.05,105.45,102.95,104.65,503942,EQ,,,
2017-07-06,105.15,109.55,104.1,107.45,913307,EQ,,,
2017-07-07,107.0,108.6,105.25,108.1,405295,EQ,,,
2017-07-10,108.55,109.15,106.6,108.4,90562,EQ,,,
2017-07-11,107.95,107.95,103.9,104.45,324769,EQ,,,
2017-07-12,105.9,106.25,102.25,105.2,230519,EQ,,,
2017-07-13,106.0,110.0,105.2,107.4,512981,EQ,,,
2017-07-14,108.2,108.2,102.4,104.6,313357,EQ,,,
2017-07-17,105.35,106.25,104.0,105.1,117662,EQ,,,
2017-07-18,105.2,105.2,102.2,104.0,189569,EQ,,,
2017-07-19,105.4,106.5,103.65,104.85,207955,EQ,,,
2017-07-20,105.0,109.6,104.0,108.55,371615,EQ,,,
2017-07-21,109.8,110.0,102.8,105.35,510652,EQ,,,
2017-07-24,106.9,108.75,106.6,107.75,355043,EQ,,,
2017-07-25,108.2,109.8,105.2,107.95,487270,EQ,,,
2017-07-26,107.75,107.75,105.1,106.65,395390,EQ,,,
2017-07-27,107.0,109.8,106.7,107.45,576908,EQ,,,
2017-07-28,107.5,109.8,105.35,108.5,294815,EQ,,,
2017-07-31,108.75,110.0,107.8,108.25,298511,EQ,,,
2017-08-01,109.8,110.0,107.55,109.15,419709,EQ,,,
2017-08-02,109.1,112.9,108.15,109.3,811003,EQ,,,
2017-08-03,109.05,111.4,107.6,108.5,524091,EQ,,,
2017-08-04,108.1,110.85,107.8,109.9,306208,EQ,,,
2017-08-07,110.0,113.5,110.0,112.55,339911,EQ,,,
2017-08-08,113.0,113.6,108.3,111.7,337276,EQ,,,
2017-08-09,111.6,111.9,108.1,109.2,318683,EQ,,,
2017-08-10,107.2,108.45,100.55,103.25,433900,EQ,,,
2017-08-11,100.0,100.05,95.0,97.1,693632,EQ,,,
2017-08-14,97.1,102.05,97.1,99.95,345979,EQ,,,
2017-08-16,100.0,104.2,99.5,102.4,343818,EQ,,,
2017-08-17,103.4,105.0,102.7,104.15,271838,EQ,,,
2017-08-18,103.1,105.0,102.0,103.6,270860,EQ,,,
2017-08-21,104.7,104.9,101.1,102.1,246583,EQ,,,
2017-08-22,103.0,103.85,100.25,101.25,153750,EQ,,,
2017-08-23,101.5,102.2,100.1,100.95,139392,EQ,,,
2017-08-24,101.8,104.0,100.2,101.45,207312,EQ,,,
2017-08-28,102.3,102.7,101.1,102.2,152932,EQ,,,
2017-08-29,101.5,102.05,98.5,99.05,224372,EQ,,,
2017-08-30,101.0,103.75,101.0,103.0,222358,EQ,,,
2017-08-31,104.0,114.0,102.3,111.5,1099370,EQ,,,
2017-09-01,112.0,119.8,112.0,117.4,1783607,EQ,,,
2017-09-04,117.0,118.4,108.8,115.5,758570,EQ,,,
2017-09-05,116.1,119.8,115.2,116.2,584199,EQ,,,
2017-09-06,115.6,116.5,114.0,115.2,265531,EQ,,,
2017-09-07,116.1,118.45,116.0,117.0,329770,EQ,,,
2017-09-08,117.05,117.9,113.5,114.35,273457,EQ,,,
2017-09-11,115.75,116.65,112.0,112.45,309561,EQ,,,
2017-09-12,113.4,115.5,112.0,112.5,325097,EQ,,,
2017-09-13,113.2,115.85,112.55,115.0,977088,EQ,,,
2017-09-14,115.9,116.4,113.7,114.55,253383,EQ,,,
2017-09-15,114.2,115.25,112.9,113.6,283354,EQ,,,
2017-09-18,113.15,120.7,112.05,116.5,1090386,EQ,,,
2017-09-19,117.7,126.2,115.1,124.3,1386618,EQ,,,
2017-09-20,126.0,130.0,123.55,127.2,1189655,EQ,,,
2017-09-21,128.55,129.85,122.1,128.75,601555,EQ,,,
2017-09-22,127.7,128.45,119.0,120.65,537093,EQ,,,
2017-09-25,119.8,121.75,111.0,115.7,608802,EQ,,,
2017-09-26,117.5,118.6,114.4,115.95,468317,EQ,,,
2017-09-27,119.0,121.65,115.1,117.95,613547,EQ,,,
2017-09-28,118.4,123.25,115.0,121.25,592726,EQ,,,
2017-09-29,121.55,125.5,121.55,123.2,430652,EQ,,,
2017-10-03,124.35,126.4,122.5,125.05,313593,EQ,,,
2017-10-04,125.0,134.5,123.35,133.6,1300349,EQ,,,
2017-10-05,134.8,139.7,134.2,137.8,768250,EQ,,,
2017-10-06,138.85,144.9,137.8,142.7,1146104,EQ,,,
2017-10-09,142.7,145.0,132.7,137.4,821595,EQ,,,
2017-10-10,138.8,143.5,135.4,142.95,998098,EQ,,,
2017-10-11,145.0,147.05,137.0,138.55,1107393,EQ,,,
2017-10-12,139.0,143.0,138.55,142.05,442185,EQ,,,
2017-10-13,143.0,143.5,134.0,136.05,539200,EQ,,,
2017-10-16,137.3,138.7,131.1,133.8,648644,EQ,,,
2017-10-17,134.4,136.0,130.75,133.85,397121,EQ,,,
2017-10-18,134.0,138.0,132.65,134.75,298044,EQ,,,
2017-10-19,135.6,136.1,134.1,135.2,110755,EQ,,,
2017-10-23,136.0,137.2,132.95,135.65,228502,EQ,,,
2017-10-24,136.85,137.3,134.55,136.2,252026,EQ,,,
2017-10-25,137.8,137.8,111.7,128.15,658621,EQ,,,
2017-10-26,130.95,133.9,127.4,133.25,700108,EQ,,,
2017-10-27,134.2,134.7,128.65,129.95,285172,EQ,,,
2017-10-30,132.5,132.5,128.0,129.3,203651,EQ,,,
2017-10-31,130.4,130.4,127.0,128.65,256801,EQ,,,
2017-11-01,129.8,130.4,127.7,128.2,211504,EQ,,,
2017-11-02,129.35,129.7,126.0,126.35,331739,EQ,,,
2017-11-03,128.0,128.0,124.0,124.85,269351,EQ,,,
2017-11-06,124.0,127.65,122.5,124.15,338988,EQ,,,
2017-11-07,124.3,124.8,120.0,120.45,373416,EQ,,,
2017-11-08,122.0,122.5,115.0,115.9,351428,EQ,,,
2017-11-09,117.1,119.0,114.2,114.8,390757,EQ,,,
2017-11-10,114.9,123.0,113.3,120.15,1811528,EQ,,,
2017-11-13,122.7,122.7,117.95,118.65,356869,EQ,,,
2017-11-14,119.8,123.95,117.95,121.05,270353,EQ,,,
2017-11-15,122.2,122.2,118.0,118.2,158288,EQ,,,
2017-11-16,119.85,124.9,118.05,122.3,254655,EQ,,,
2017-11-17,123.9,127.2,118.0,119.0,531733,EQ,,,
2017-11-20,119.0,121.5,118.0,119.75,300087,EQ,,,
2017-11-21,121.9,122.7,119.25,121.65,242145,EQ,,,
2017-11-22,122.0,122.2,118.0,118.75,171452,EQ,,,
2017-11-23,119.5,123.4,119.0,122.85,258395,EQ,,,
2017-11-24,123.0,123.15,121.15,122.25,172145,EQ,,,
2017-11-27,122.0,125.6,120.5,124.75,279274,EQ,,,
2017-11-28,124.75,126.0,120.65,121.55,278169,EQ,,,
2017-11-29,122.0,123.75,118.5,119.0,251970,EQ,,,
2017-11-30,118.0,118.95,118.0,118.05,231767,EQ,,,
2017-12-01,118.05,121.0,116.2,117.55,153644,EQ,,,
2017-12-04,117.7,118.75,117.35,118.05,128771,EQ,,,
2017-12-05,118.05,119.15,116.4,118.2,191175,EQ,,,
2017-12-06,119.0,119.05,117.9,118.0,112739,EQ,,,
2017-12-07,118.65,119.3,111.5,118.65,196623,EQ,,,
2017-12-08,118.2,121.0,118.2,120.4,126863,EQ,,,
2017-12-11,119.65,121.7,118.0,118.4,215723,EQ,,,
2017-12-12,119.15,120.05,115.0,115.95,158836,EQ,,,
2017-12-13,117.9,117.9,115.05,115.45,213661,EQ,,,
2017-12-14,115.5,116.3,112.55,113.65,150252,EQ,,,
2017-12-15,115.75,117.0,113.95,115.8,350011,EQ,,,
2017-12-18,114.5,121.0,111.25,119.25,438210,EQ,,,
2017-12-19,120.9,124.8,119.7,123.6,413255,EQ,,,
2017-12-20,124.6,125.0,122.15,123.95,176748,EQ,,,
2017-12-21,123.0,128.3,123.0,124.1,195268,EQ,,,
2017-12-22,126.0,126.0,121.15,122.7,135796,EQ,,,
2017-12-26,122.7,125.0,122.0,122.75,86755,EQ,,,
2017-12-27,126.0,126.0,123.0,124.1,278593,EQ,,,
2017-12-28,124.0,124.45,120.5,120.65,134798,EQ,,,
2017-12-29,122.8,123.8,120.7,121.65,141258,EQ,,,
2018-01-01,123.0,123.0,118.5,119.0,136329,EQ,,,
2018-01-02,120.1,120.45,117.5,118.85,159881,EQ,,,
2018-01-03,118.0,119.65,117.5,118.1,167716,EQ,,,
2018-01-04,118.2,119.1,117.25,118.15,219628,EQ,,,
2018-01-05,117.3,120.2,117.3,117.95,206342,EQ,,,
2018-01-08,118.3,123.0,117.6,121.9,412686,EQ,,,
2018-01-09,121.9,123.75,120.25,121.85,197161,EQ,,,
2018-01-10,122.3,122.3,118.0,121.1,162357,EQ,,,
2018-01-11,122.2,122.2,118.2,119.15,226328,EQ,,,
2018-01-12,119.9,120.2,117.2,118.0,244645,EQ,,,
2018-01-15,118.5,122.3,118.5,121.15,353501,EQ,,,
2018-01-16,122.5,122.7,116.35,117.1,226701,EQ,,,
2018-01-17,116.0,117.0,114.2,115.45,268327,EQ,,,
2018-01-18,116.0,117.8,111.9,112.85,289336,EQ,,,
2018-01-19,113.1,116.85,113.0,115.3,292983,EQ,,,
2018-01-22,116.0,117.9,115.05,117.35,220047,EQ,,,
2018-01-23,118.4,120.7,116.25,117.25,356024,EQ,,,
2018-01-24,117.7,119.0,115.5,116.95,306228,EQ,,,
2018-01-25,119.0,119.0,115.25,116.2,381338,EQ,,,
2018-01-29,116.0,117.25,113.0,113.25,318384,EQ,,,
2018-01-30,113.05,113.05,108.8,109.35,288473,EQ,,,
2018-01-31,109.9,110.9,103.4,103.85,462356,EQ,,,
2018-02-01,104.8,107.2,98.0,98.75,761248,EQ,,,
2018-02-02,96.75,98.95,90.25,94.85,647024,EQ,,,
2018-02-05,90.0,98.35,90.0,96.8,391938,EQ,,,
2018-02-06,93.0,95.65,90.1,94.2,494428,EQ,,,
2018-02-07,96.7,98.9,95.05,97.95,297953,EQ,,,
2018-02-08,99.5,101.5,96.8,98.15,281768,EQ,,,
2018-02-09,93.25,97.9,93.25,97.0,289187,EQ,,,
2018-02-12,96.2,101.45,96.2,99.8,258317,EQ,,,
2018-02-14,102.5,102.5,98.15,99.1,351725,EQ,,,
2018-02-15,98.5,100.7,95.9,96.75,254077,EQ,,,
2018-02-16,96.6,98.1,94.15,94.9,274610,EQ,,,
2018-02-19,94.5,96.45,91.5,92.55,434804,EQ,,,
2018-02-20,92.1,96.9,91.95,95.75,265155,EQ,,,
2018-02-21,96.5,97.75,95.5,96.05,171587,EQ,,,
2018-02-22,96.05,96.5,93.3,95.75,146749,EQ,,,
2018-02-23,96.3,98.95,96.15,98.35,220246,EQ,,,
2018-02-26,100.0,100.0,98.45,98.6,77670,EQ,,,
2018-02-27,98.6,99.75,97.35,98.65,107172,EQ,,,
2018-02-28,98.0,99.75,96.25,99.15,82652,EQ,,,
2018-03-01,98.8,99.35,96.2,96.95,132455,EQ,,,
2018-03-05,97.0,97.95,95.5,97.2,113017,EQ,,,
2018-03-06,99.5,99.5,96.5,97.15,73469,EQ,,,
2018-03-07,97.25,97.25,90.2,91.25,423732,EQ,,,
2018-03-08,93.95,95.25,90.6,95.15,391227,EQ,,,
2018-03-09,95.05,101.5,95.05,100.95,652233,EQ,,,
2018-03-12,101.25,104.35,99.35,101.0,396815,EQ,,,
2018-03-13,101.0,102.5,101.0,101.6,208438,EQ,,,
2018-03-14,101.05,101.85,101.0,101.4,185212,EQ,,,
2018-03-15,101.95,102.5,101.0,101.3,111743,EQ,,,
2018-03-16,101.5,101.5,100.75,101.1,171223,EQ,,,
2018-03-19,101.0,101.6,100.7,101.25,366427,EQ,,,
2018-03-20,100.5,101.75,98.15,99.45,300681,EQ,,,
2018-03-21,99.3,99.9,97.05,97.55,189864,EQ,,,
2018-03-22,97.8,97.8,91.05,93.15,125159,EQ,,,
2018-03-23,91.5,93.65,88.2,92.65,162985,EQ,,,
2018-03-26,90.75,94.0,88.75,92.55,648200,EQ,,,
2018-03-27,92.8,96.0,92.6,94.05,125881,EQ,,,
2018-03-28,93.5,94.05,90.05,91.1,454010,EQ,,,
2018-04-02,91.2,93.1,91.2,92.65,95628,EQ,,,
2018-04-03,92.7,94.1,92.3,93.85,89733,EQ,,,
2018-04-04,95.0,95.95,93.0,93.25,76516,EQ,,,
2018-04-05,94.0,95.95,94.0,95.35,98481,EQ,,,
2018-04-06,95.35,96.3,94.05,94.8,131341,EQ,,,
2018-04-09,94.5,97.0,94.5,95.85,95740,EQ,,,
2018-04-10,96.15,96.15,94.7,94.9,102138,EQ,,,
2018-04-11,95.0,95.45,94.25,94.55,53691,EQ,,,
2018-04-12,93.8,94.55,92.5,93.1,76060,EQ,,,
2018-04-13,92.9,95.4,92.9,95.1,156077,EQ,,,
2018-04-16,96.5,97.25,95.8,96.85,119918,EQ,,,
2018-04-17,97.9,99.0,96.9,98.6,140346,EQ,,,
2018-04-18,99.0,99.0,97.5,98.75,106757,EQ,,,
2018-04-19,97.5,100.9,97.5,100.05,153074,EQ,,,
2018-04-20,99.95,101.6,99.3,101.15,94991,EQ,,,
2018-04-23,101.4,106.95,101.4,106.2,295463,EQ,,,
2018-04-24,106.25,112.0,105.0,105.8,490377,EQ,,,
2018-04-25,105.0,107.0,104.1,104.7,119248,EQ,,,
2018-04-26,105.55,106.75,103.1,106.15,202493,EQ,,,
2018-04-27,106.15,107.2,104.3,104.75,41854,EQ,,,
2018-04-30,104.85,105.2,101.4,102.75,84614,EQ,,,
2018-05-02,104.0,105.0,100.0,100.3,87296,EQ,,,
2018-05-03,99.45,103.0,98.3,102.15,134541,EQ,,,
2018-05-04,101.25,102.75,100.35,101.9,89004,EQ,,,
2018-05-07,102.85,102.9,100.15,101.8,68273,EQ,,,
2018-05-08,101.55,103.5,100.5,102.8,103762,EQ,,,
2018-05-09,103.45,107.9,102.8,105.05,161020,EQ,,,
2018-05-10,105.05,108.9,104.1,105.0,221164,EQ,,,
2018-05-11,105.0,107.4,103.05,103.9,148157,EQ,,,
2018-05-14,102.6,103.45,97.4,97.85,129426,EQ,,,
2018-05-15,97.95,99.9,93.9,98.2,124288,EQ,,,
2018-05-16,98.1,101.75,96.3,99.6,74362,EQ,,,
2018-05-17,99.9,102.6,96.45,99.95,127496,EQ,,,
2018-05-18,100.3,100.85,97.0,97.3,77272,EQ,,,
2018-05-21,97.0,97.75,92.3,93.2,97630,EQ,,,
2018-05-22,94.45,96.2,91.6,94.6,55346,EQ,,,
2018-05-23,95.0,95.0,91.3,91.9,84908,EQ,,,
2018-05-24,92.0,99.3,91.6,94.9,177332,EQ,,,
2018-05-25,94.3,96.95,92.15,93.95,92751,EQ,,,
2018-05-28,96.9,97.0,93.45,95.5,65423,EQ,,,
2018-05-29,95.8,97.9,95.05,95.8,144413,EQ,,,
2018-05-30,95.05,96.0,93.25,94.7,36081,EQ,,,
2018-05-31,94.6,96.3,93.5,94.7,133754,EQ,,,
2018-06-01,95.0,96.0,93.0,93.75,55010,EQ,,,
2018-06-04,96.75,96.75,90.05,90.7,142503,EQ,,,
2018-06-05,91.0,93.0,84.8,86.75,178804,EQ,,,
2018-06-06,89.95,89.95,83.65,88.5,117570,EQ,,,
2018-06-07,89.35,91.0,89.3,89.85,88304,EQ,,,
2018-06-08,90.2,94.0,88.8,91.35,72949,EQ,,,
2018-06-11,92.0,93.0,91.3,91.75,25979,EQ,,,
2018-06-12,91.6,92.7,89.65,90.1,95384,EQ,,,
2018-06-13,90.9,91.5,90.1,91.25,93807,EQ,,,
2018-06-14,90.95,90.95,88.5,88.85,148612,EQ,,,
2018-06-15,89.1,89.8,86.5,87.1,62715,EQ,,,
2018-06-18,87.8,88.5,85.05,85.55,112594,EQ,,,
2018-06-19,86.9,86.9,83.25,83.65,167619,EQ,,,
2018-06-20,83.0,84.35,81.0,81.45,198919,EQ,,,
2018-06-21,82.35,82.45,78.6,79.5,93630,EQ,,,
2018-06-22,79.2,79.8,73.4,75.55,646388,EQ,,,
2018-06-25,75.1,77.45,74.05,75.1,186437,EQ,,,
2018-06-26,73.7,74.7,72.5,72.95,149490,EQ,,,
2018-06-27,73.0,74.85,70.5,71.1,83188,EQ,,,
2018-06-28,70.8,71.9,68.8,70.2,136196,EQ,,,
2018-06-29,70.7,73.95,70.2,73.7,175312,EQ,,,
2018-07-02,73.8,74.0,71.65,73.65,85646,EQ,,,
2018-07-03,73.65,75.65,72.9,75.25,85534,EQ,,,
2018-07-04,75.25,76.0,74.0,74.2,67107,EQ,,,
2018-07-05,74.2,75.0,74.1,74.4,35855,EQ,,,
2018-07-06,74.1,74.8,74.0,74.25,76750,EQ,,,
2018-07-09,75.75,75.75,74.7,75.2,29463,EQ,,,
2018-07-10,75.0,82.3,75.0,79.7,413266,EQ,,,
2018-07-11,79.4,80.0,78.25,79.3,256120,EQ,,,
2018-07-12,79.3,82.7,79.3,80.05,103059,EQ,,,
2018-07-13,81.4,82.2,79.2,80.8,75407,EQ,,,
2018-07-16,81.7,81.7,79.4,80.0,258439,EQ,,,
2018-07-17,79.0,79.0,76.2,78.45,54773,EQ,,,
2018-07-18,78.5,80.75,78.0,79.95,116649,EQ,,,
2018-07-19,80.45,80.5,79.5,80.15,40656,EQ,,,
2018-07-20,80.1,80.1,77.75,78.05,18608,EQ,,,
2018-07-23,77.7,80.0,77.7,79.8,31443,EQ,,,
2018-07-24,79.5,81.4,79.5,80.05,30924,EQ,,,
2018-07-25,80.8,82.8,79.0,79.2,33348,EQ,,,
2018-07-26,79.25,80.4,78.1,78.5,25970,EQ,,,
2018-07-27,79.6,82.55,78.6,81.8,79182,EQ,,,
2018-07-30,81.8,85.0,81.15,83.45,88091,EQ,,,
2018-07-31,84.45,84.9,83.45,84.0,69061,EQ,,,
2018-08-01,84.8,85.85,83.05,83.95,82024,EQ,,,
2018-08-02,85.8,85.8,79.55,81.45,159120,EQ,,,
2018-08-03,79.2,79.25,73.85,75.4,357782,EQ,,,
2018-08-06,74.05,81.95,73.85,80.2,699728,EQ,,,
2018-08-07,79.0,80.55,77.0,77.7,124896,EQ,,,
2018-08-08,78.4,78.4,76.25,76.55,60342,EQ,,,
2018-08-09,77.25,79.0,76.55,77.9,81920,EQ,,,
2018-08-10,78.8,78.8,76.3,76.55,41006,EQ,,,
2018-08-13,75.15,77.7,73.65,75.05,61480,EQ,,,
2018-08-14,75.0,76.8,74.5,75.0,54090,EQ,,,
2018-08-16,75.0,76.5,74.2,74.55,34040,EQ,,,
2018-08-17,74.5,76.5,74.3,75.45,27532,EQ,,,
2018-08-20,76.5,76.5,73.8,74.0,98813,EQ,,,
2018-08-21,74.0,75.45,72.65,72.95,96128,EQ,,,
2018-08-23,74.0,74.0,72.8,72.95,44594,EQ,,,
2018-08-24,73.5,73.55,72.0,72.5,50404,EQ,,,
2018-08-27,72.15,72.9,70.7,71.45,142145,EQ,,,
2018-08-28,71.15,72.15,68.35,68.75,168534,EQ,,,
2018-08-29,69.1,70.85,69.1,69.65,85141,EQ,,,
2018-08-30,70.2,70.4,66.8,67.1,144872,EQ,,,
2018-08-31,67.4,68.3,66.15,66.95,171679,EQ,,,
2018-09-03,67.0,68.0,66.0,66.15,178547,EQ,,,
2018-09-04,66.3,66.85,65.5,65.9,98019,EQ,,,
2018-09-05,65.15,66.4,65.0,65.45,71744,EQ,,,
2018-09-06,65.2,66.35,63.2,63.6,181302,EQ,,,
2018-09-07,64.25,64.8,62.0,62.35,156589,EQ,,,
2018-09-10,62.5,65.3,62.0,62.45,161292,EQ,,,
2018-09-11,62.85,63.9,61.05,61.3,104067,EQ,,,
2018-09-12,63.0,63.0,60.3,60.6,104505,EQ,,,
2018-09-14,61.25,63.9,60.65,61.65,146591,EQ,,,
2018-09-17,61.65,63.05,61.0,62.85,86920,EQ,,,
2018-09-18,62.25,63.55,58.6,59.95,124857,EQ,,,
2018-09-19,59.45,60.8,59.0,59.1,96683,EQ,,,
2018-09-21,60.6,60.6,55.5,56.2,135704,EQ,,,
2018-09-24,56.2,57.7,51.5,53.2,169713,EQ,,,
2018-09-25,54.0,56.15,51.5,54.25,275449,EQ,,,
2018-09-26,54.7,54.7,52.0,52.5,127743,EQ,,,
2018-09-27,52.55,53.85,51.05,51.55,100853,EQ,,,
2018-09-28,51.6,53.2,47.65,48.0,259648,EQ,,,
2018-10-01,48.25,48.4,44.0,45.7,330684,EQ,,,
2018-10-03,46.0,50.0,44.7,46.85,537113,EQ,,,
2018-10-04,46.2,48.0,45.6,47.95,124275,EQ,,,
2018-10-05,48.6,48.65,45.1,45.8,145527,EQ,,,
2018-10-08,46.1,46.8,42.25,43.7,181168,EQ,,,
2018-10-09,44.1,45.2,43.7,43.85,105882,EQ,,,
2018-10-10,43.45,44.8,43.45,43.7,325703,EQ,,,
2018-10-11,43.7,44.1,42.1,43.0,98702,EQ,,,
2018-10-12,43.1,45.0,43.1,43.8,177531,EQ,,,
2018-10-15,44.0,44.05,42.7,43.25,137174,EQ,,,
2018-10-16,43.6,45.8,43.15,43.65,318316,EQ,,,
2018-10-17,44.65,44.65,41.1,42.25,218682,EQ,,,
2018-10-19,41.25,42.65,40.25,41.0,288415,EQ,,,
2018-10-22,40.3,41.95,40.3,40.85,145247,EQ,,,
2018-10-23,41.0,41.0,40.25,40.45,104220,EQ,,,
2018-10-24,40.9,42.9,40.25,41.75,173952,EQ,,,
2018-10-25,40.2,40.95,38.0,39.2,338148,EQ,,,
2018-10-26,40.05,40.25,38.0,39.6,159375,EQ,,,
2018-10-29,39.25,40.05,39.2,39.95,258280,EQ,,,
2018-10-30,40.05,40.7,39.35,39.65,378387,EQ,,,
2018-10-31,39.9,39.95,38.25,38.95,364985,EQ,,,
2018-11-01,38.95,43.65,38.75,42.7,736161,EQ,,,
2018-11-02,44.5,48.7,43.55,46.8,870460,EQ,,,
2018-11-05,47.7,48.25,45.0,45.55,403449,EQ,,,
2018-11-06,45.75,47.4,44.1,46.05,424071,EQ,,,
2018-11-07,47.0,47.55,46.7,47.25,60668,EQ,,,
2018-11-09,47.8,48.0,46.05,47.6,116877,EQ,,,
2018-11-12,47.0,47.85,46.35,46.6,57488,EQ,,,
2018-11-13,46.8,47.2,46.2,46.45,59180,EQ,,,
2018-11-14,46.9,47.0,45.0,45.45,106089,EQ,,,
2018-11-15,45.15,45.95,44.5,45.2,85199,EQ,,,
2018-11-16,45.05,45.35,44.0,44.2,83262,EQ,,,
2018-11-19,43.25,44.0,43.0,43.35,104169,EQ,,,
2018-11-20,43.15,45.4,43.0,44.5,529007,EQ,,,
2018-11-21,44.85,46.05,44.1,44.9,66687,EQ,,,
2018-11-22,44.75,46.65,44.35,45.1,92266,EQ,,,
2018-11-26,45.35,45.35,44.4,44.9,42432,EQ,,,
2018-11-27,45.0,45.4,44.5,44.75,49907,EQ,,,
2018-11-28,45.4,46.2,43.2,43.9,115856,EQ,,,
2018-11-29,44.4,44.4,42.4,42.9,119968,EQ,,,
2018-11-30,42.9,43.9,42.9,43.3,156974,EQ,,,
2018-12-03,43.85,44.1,43.05,43.4,67414,EQ,,,
2018-12-04,43.5,44.4,43.15,44.05,45619,EQ,,,
2018-12-05,44.0,44.7,43.3,44.1,47806,EQ,,,
2018-12-06,44.1,44.85,43.5,44.5,70514,EQ,,,
2018-12-07,44.6,44.7,43.35,43.65,30853,EQ,,,
2018-12-10,43.1,43.1,42.0,42.15,35040,EQ,,,
2018-12-11,41.5,43.0,40.3,41.85,113705,EQ,,,
2018-12-12,41.9,42.85,41.7,42.35,78668,EQ,,,
2018-12-13,42.55,44.45,42.55,43.65,107410,EQ,,,
2018-12-14,43.3,44.2,42.9,43.1,51155,EQ,,,
2018-12-17,43.75,44.1,42.8,43.4,65775,EQ,,,
2018-12-18,43.8,44.0,43.1,43.8,52733,EQ,,,
2018-12-19,44.1,48.0,44.05,47.1,383140,EQ,,,
2018-12-20,46.9,46.9,45.6,46.35,99284,EQ,,,
2018-12-21,46.65,47.9,44.7,45.8,150740,EQ,,,
2018-12-24,46.85,46.9,45.65,45.95,57817,EQ,,,
2018-12-26,45.15,45.9,44.7,45.05,65021,EQ,,,
2018-12-27,45.8,46.3,44.1,44.85,56243,EQ,,,
2018-12-28,44.3,46.0,44.3,45.5,63076,EQ,,,
2018-12-31,45.6,46.5,45.5,46.1,119225,EQ,,,
2019-01-01,46.35,46.35,45.7,45.95,30691,EQ,,,
2019-01-02,46.4,46.4,45.0,45.1,31035,EQ,,,
2019-01-03,45.1,45.6,44.4,44.55,43542,EQ,,,
2019-01-04,45.0,45.3,44.0,44.55,29398,EQ,,,
2019-01-07,44.55,45.0,44.0,44.05,39913,EQ,,,
2019-01-08,44.15,45.85,43.4,45.4,126741,EQ,,,
2019-01-09,45.8,46.3,45.2,45.95,69179,EQ,,,
2019-01-10,46.25,46.35,45.55,45.85,27172,EQ,,,
2019-01-11,45.75,48.0,45.55,46.5,153525,EQ,,,
2019-01-14,46.55,46.55,45.3,45.8,44166,EQ,,,
2019-01-15,45.4,47.85,45.4,47.15,64015,EQ,,,
2019-01-16,46.65,47.85,46.2,47.25,52571,EQ,,,
2019-01-17,47.55,48.0,44.0,45.05,294714,EQ,,,
2019-01-18,44.85,45.3,43.5,43.9,117179,EQ,,,
2019-01-21,43.8,43.85,42.2,42.65,115320,EQ,,,
2019-01-22,42.35,43.3,41.9,42.3,74866,EQ,,,
2019-01-23,42.2,43.0,40.9,41.45,62107,EQ,,,
2019-01-24,41.8,41.8,41.0,41.25,46095,EQ,,,
2019-01-25,41.25,42.5,41.05,41.65,57977,EQ,,,
2019-01-28,41.9,41.9,37.35,38.6,130941,EQ,,,
2019-01-29,39.25,39.8,37.4,38.95,87860,EQ,,,
2019-01-30,39.2,39.8,35.45,35.55,2705851,EQ,,,
2019-01-31,36.0,37.8,35.95,37.5,194880,EQ,,,
2019-02-01,37.55,38.8,37.2,37.6,85726,EQ,,,
2019-02-04,37.2,39.5,36.25,36.4,80947,EQ,,,
2019-02-05,36.4,36.9,35.9,36.05,70820,EQ,,,
2019-02-06,36.5,36.6,34.3,34.45,140033,EQ,,,
2019-02-07,35.0,35.9,34.65,35.0,75627,EQ,,,
2019-02-08,34.9,36.35,34.0,34.45,74721,EQ,,,
2019-02-11,35.15,35.9,33.25,34.4,104385,EQ,,,
2019-02-12,35.15,35.8,33.8,34.5,125341,EQ,,,
2019-02-13,34.25,35.05,34.0,34.15,72500,EQ,,,
2019-02-14,34.6,35.0,34.0,34.6,100733,EQ,,,
2019-02-15,34.7,34.7,34.05,34.35,33375,EQ,,,
2019-02-18,34.45,34.65,33.1,33.45,102320,EQ,,,
2019-02-19,33.25,33.65,32.5,32.85,131046,EQ,,,
2019-02-20,32.8,34.0,32.8,33.6,108221,EQ,,,
2019-02-21,33.8,34.75,33.7,34.1,123506,EQ,,,
2019-02-22,34.1,36.9,34.1,35.35,129769,EQ,,,
2019-02-25,35.2,38.25,34.7,35.85,347820,EQ,,,
2019-02-26,35.0,35.9,33.4,35.5,169639,EQ,,,
2019-02-27,35.15,38.0,34.8,35.15,189990,EQ,,,
2019-02-28,35.8,35.95,34.9,35.15,44558,EQ,,,
2019-03-01,35.55,36.6,35.25,35.9,140892,EQ,,,
2019-03-05,36.5,38.4,35.5,37.6,417402,EQ,,,
2019-03-06,37.6,39.8,37.6,38.1,381772,EQ,,,
2019-03-07,38.4,39.0,38.15,38.7,168605,EQ,,,
2019-03-08,39.2,39.8,39.0,39.15,104667,EQ,,,
2019-03-11,39.15,39.9,39.15,39.5,187701,EQ,,,
2019-03-12,40.1,41.5,39.5,40.5,420313,EQ,,,
2019-03-13,41.0,41.0,40.05,40.35,74687,EQ,,,
2019-03-14,42.95,43.9,41.35,43.35,698020,EQ,,,
2019-03-15,43.85,45.25,43.0,43.55,317594,EQ,,,
2019-03-18,44.0,44.4,42.6,43.7,137486,EQ,,,
2019-03-19,43.5,44.5,43.5,43.8,280364,EQ,,,
2019-03-20,43.8,43.85,42.55,43.0,120031,EQ,,,
2019-03-22,44.0,44.0,41.65,42.15,115014,EQ,,,
2019-03-25,41.3,41.55,39.25,39.75,219547,EQ,,,
2019-03-26,39.5,41.0,39.5,39.9,216355,EQ,,,
2019-03-27,39.9,40.75,39.5,40.1,182324,EQ,,,
2019-03-28,40.5,40.8,39.55,40.0,375083,EQ,,,
2019-03-29,40.05,42.05,40.05,41.5,403599,EQ,,,
2019-04-01,41.5,42.6,41.35,42.1,293395,EQ,,,
2019-04-02,42.5,42.55,41.1,41.3,113593,EQ,,,
2019-04-03,41.9,42.5,41.0,41.1,200624,EQ,,,
2019-04-04,41.35,41.5,40.7,40.95,80700,EQ,,,
2019-04-05,41.65,41.65,40.3,40.85,86285,EQ,,,
2019-04-08,40.5,41.35,40.45,40.65,72651,EQ,,,
2019-04-09,40.5,41.05,39.6,40.8,137283,EQ,,,
2019-04-10,40.9,40.9,40.35,40.45,38582,EQ,,,
2019-04-11,40.3,41.05,40.15,40.9,51525,EQ,,,
2019-04-12,40.8,41.25,40.35,40.7,68266,EQ,,,
2019-04-15,41.4,41.4,40.2,40.7,109581,EQ,,,
2019-04-16,40.9,41.45,40.7,40.9,96188,EQ,,,
2019-04-18,41.1,44.85,41.1,41.6,124070,EQ,,,
2019-04-22,42.1,42.1,40.05,40.2,64411,EQ,,,
2019-04-23,40.2,40.45,39.3,39.75,89468,EQ,,,
2019-04-24,39.55,39.65,38.75,39.05,93217,EQ,,,
2019-04-25,39.75,40.95,39.05,40.0,82573,EQ,,,
2019-04-26,40.0,41.5,40.0,40.05,41536,EQ,,,
2019-04-30,40.05,40.85,38.0,38.25,384455,EQ,,,
2019-05-02,38.25,38.3,37.4,37.75,224007,EQ,,,
2019-05-03,38.0,38.95,37.75,37.95,190878,EQ,,,
2019-05-06,37.9,37.95,36.5,36.75,102584,EQ,,,
2019-05-07,36.7,37.65,36.5,36.75,46735,EQ,,,
2019-05-08,36.65,36.9,35.5,36.1,103561,EQ,,,
2019-05-09,35.7,36.45,34.6,34.85,223456,EQ,,,
2019-05-10,35.0,35.5,34.0,34.35,104447,EQ,,,
2019-05-13,34.25,34.95,33.1,33.5,88611,EQ,,,
2019-05-14,33.5,35.8,33.2,34.7,83388,EQ,,,
2019-05-15,35.0,35.5,34.8,34.95,34382,EQ,,,
2019-05-16,35.0,35.95,34.8,35.2,52090,EQ,,,
2019-05-17,35.2,37.0,34.25,36.15,103055,EQ,,,
2019-05-20,37.3,39.05,37.3,38.0,289291,EQ,,,
2019-05-21,38.0,38.7,37.35,38.0,100443,EQ,,,
2019-05-22,38.05,38.4,37.45,38.1,84906,EQ,,,
2019-05-23,38.6,39.2,37.0,37.65,202559,EQ,,,
2019-05-24,37.7,38.55,37.3,38.35,137441,EQ,,,
2019-05-27,38.6,38.9,38.2,38.35,165086,EQ,,,
2019-05-28,38.35,39.6,38.1,38.75,324875,EQ,,,
2019-05-29,38.85,39.5,38.35,38.8,245008,EQ,,,
2019-05-30,38.8,40.0,38.5,39.05,150131,EQ,,,
2019-05-31,39.05,39.1,35.5,36.35,938099,EQ,,,
2019-06-03,36.5,37.75,35.9,36.0,97533,EQ,,,
2019-06-04,35.9,36.2,35.35,35.5,89273,EQ,,,
2019-06-06,35.25,36.1,34.3,34.55,251994,EQ,,,
2019-06-07,35.15,35.15,33.6,34.5,96180,EQ,,,
2019-06-10,35.35,35.45,34.05,34.3,124561,EQ,,,
2019-06-11,33.95,34.75,33.55,34.3,72489,EQ,,,
2019-06-12,34.45,34.95,33.8,34.25,109064,EQ,,,
2019-06-13,34.45,34.45,33.8,33.95,62189,EQ,,,
2019-06-14,33.95,34.5,33.9,34.0,52619,EQ,,,
2019-06-17,34.5,34.8,33.55,33.7,84349,EQ,,,
2019-06-18,33.8,34.5,33.5,33.75,43274,EQ,,,
2019-06-19,34.0,34.0,32.1,32.85,124453,EQ,,,
2019-06-20,32.65,33.6,32.55,33.2,271481,EQ,,,
2019-06-21,32.75,33.85,32.75,33.55,63770,EQ,,,
2019-06-24,33.55,34.5,33.0,34.1,648275,EQ,,,
2019-06-25,34.0,34.75,33.55,34.1,39121,EQ,,,
2019-06-26,33.95,34.45,33.1,33.55,99684,EQ,,,
2019-06-27,33.55,34.05,33.1,33.35,55822,EQ,,,
2019-06-28,33.4,33.85,33.4,33.7,31564,EQ,,,
2019-07-01,33.65,37.7,33.2,34.45,77945,EQ,,,
2019-07-02,34.75,34.75,33.55,33.75,78158,EQ,,,
2019-07-03,33.55,34.05,32.8,33.0,124561,EQ,,,
2019-07-04,33.15,33.7,33.0,33.05,89645,EQ,,,
2019-07-05,33.15,34.75,33.15,33.6,164256,EQ,,,
2019-07-08,33.25,33.45,32.0,32.95,104751,EQ,,,
2019-07-09,33.0,33.0,31.8,31.95,107228,EQ,,,
2019-07-10,31.9,32.6,31.9,32.05,76522,EQ,,,
2019-07-11,31.65,32.5,31.65,31.9,44809,EQ,,,
2019-07-12,32.0,32.25,31.25,31.35,97842,EQ,,,
2019-07-15,31.4,32.5,30.55,30.65,138123,EQ,,,
2019-07-16,31.0,31.5,29.95,30.15,297966,EQ,,,
2019-07-17,30.1,30.9,29.55,29.85,326767,EQ,,,
2019-07-18,30.0,30.15,28.95,29.25,93716,EQ,,,
2019-07-19,29.25,30.05,28.6,28.95,195060,EQ,,,
2019-07-22,29.45,29.55,28.65,28.75,115232,EQ,,,
2019-07-23,28.6,28.6,27.75,27.9,145034,EQ,,,
2019-07-24,27.7,28.25,27.55,27.85,145007,EQ,,,
2019-07-25,27.85,28.05,27.45,27.65,70950,EQ,,,
2019-07-26,27.25,27.9,25.55,26.95,184653,EQ,,,
2019-07-29,27.15,27.15,25.6,25.85,84045,EQ,,,
2019-07-30,25.7,26.75,25.0,25.1,325183,EQ,,,
2019-07-31,25.15,25.5,24.5,24.9,126059,EQ,,,
2019-08-01,24.9,24.9,23.7,23.95,189851,EQ,,,
2019-08-02,23.7,24.6,23.0,23.3,396523,EQ,,,
2019-08-05,22.3,25.7,22.3,23.3,234516,EQ,,,
2019-08-06,23.0,24.6,22.5,23.95,213232,EQ,,,
2019-08-07,24.55,24.8,23.55,23.75,109860,EQ,,,
2019-08-08,23.45,23.45,22.55,23.05,169600,EQ,,,
2019-08-09,23.0,24.2,22.7,22.8,488065,EQ,,,
2019-08-13,23.05,24.2,22.3,22.55,372666,EQ,,,
2019-08-14,22.7,23.5,22.25,22.4,257080,EQ,,,
2019-08-16,22.4,23.1,22.35,22.45,386071,EQ,,,
2019-08-19,23.2,23.25,22.5,23.0,368231,EQ,,,
2019-08-20,23.3,23.5,22.5,22.6,150601,EQ,,,
2019-08-21,22.6,23.0,22.55,22.65,78664,EQ,,,
2019-08-22,22.55,22.95,22.4,22.7,140259,EQ,,,
2019-08-23,22.7,23.3,22.35,22.85,121789,EQ,,,
2019-08-26,23.1,23.75,22.75,23.45,116531,EQ,,,
2019-08-27,23.5,25.25,23.5,24.9,297549,EQ,,,
2019-08-28,26.0,26.0,24.95,25.4,201221,EQ,,,
2019-08-29,25.85,25.85,25.0,25.25,64475,EQ,,,
2019-08-30,25.0,26.0,24.95,25.65,42089,EQ,,,
2019-09-03,25.65,25.95,24.85,25.35,87072,EQ,,,
2019-09-04,25.95,25.95,25.0,25.15,55989,EQ,,,
2019-09-05,25.1,26.0,25.1,25.2,54833,EQ,,,
2019-09-06,25.5,27.0,25.35,26.8,250818,EQ,,,
2019-09-09,26.95,27.25,26.0,26.1,234430,EQ,,,
2019-09-11,26.85,27.75,26.15,26.8,318721,EQ,,,
2019-09-12,27.3,27.3,26.4,26.5,142349,EQ,,,
2019-09-13,26.1,26.85,26.1,26.7,58858,EQ,,,
2019-09-16,26.85,26.85,26.1,26.5,78145,EQ,,,
2019-09-17,27.15,27.15,26.0,26.2,51186,EQ,,,
2019-09-18,26.5,27.15,26.2,26.45,91455,EQ,,,
2019-09-19,26.35,26.55,25.8,26.05,65218,EQ,,,
2019-09-20,26.3,28.0,25.7,27.45,479286,EQ,,,
2019-09-23,27.85,31.6,27.85,30.6,614590,EQ,,,
2019-09-24,31.4,32.5,30.8,31.2,294240,EQ,,,
2019-09-25,31.6,31.6,29.5,29.55,144285,EQ,,,
2019-09-26,30.0,35.45,29.0,30.45,2336838,EQ,,,
2019-09-27,30.75,30.95,29.1,29.5,218377,EQ,,,
2019-09-30,30.5,30.5,27.3,28.05,240760,EQ,954.0,252.37,36961.0
2019-10-01,28.15,28.15,26.6,27.15,279573,EQ,2413.0,115.86,128839.0
2019-10-03,28.5,28.5,26.5,27.2,49791,EQ,429.0,116.06,27428.0
2019-10-04,27.2,27.5,26.5,26.9,79407,EQ,885.0,89.73,48859.0
2019-10-07,26.15,27.0,26.15,26.35,133887,EQ,1062.0,126.07,89211.0
2019-10-09,26.9,27.2,26.2,26.4,132408,EQ,641.0,206.56,79517.0
2019-10-10,26.6,26.6,25.85,26.25,151869,EQ,1657.0,91.65,66241.0
2019-10-11,26.7,27.2,25.9,26.25,119703,EQ,595.0,201.18,53683.0
2019-10-14,27.2,27.4,26.25,26.95,106388,EQ,462.0,230.28,65288.0
2019-10-15,27.6,27.6,26.25,26.75,78362,EQ,1210.0,64.76,48330.0
2019-10-16,26.4,27.0,26.1,26.3,98206,EQ,1084.0,90.6,50210.0
2019-10-17,26.9,27.25,25.95,26.9,119050,EQ,1211.0,98.31,68955.0
2019-10-18,27.0,27.45,26.7,26.95,113550,EQ,1180.0,96.23,75426.0
2019-10-22,26.55,28.25,26.55,27.5,128682,EQ,795.0,161.86,60711.0
2019-10-23,27.5,27.85,27.3,27.6,43768,EQ,324.0,135.09,28363.0
2019-10-24,28.25,28.25,27.5,27.65,85621,EQ,586.0,146.11,62859.0
2019-10-25,28.3,28.3,26.8,27.25,52190,EQ,525.0,99.41,19284.0
2019-10-29,28.25,28.6,27.65,28.2,117192,EQ,813.0,144.15,80211.0
2019-10-30,28.8,29.1,28.3,28.65,154765,EQ,811.0,190.83,98823.0
2019-10-31,29.0,29.45,28.55,29.05,170969,EQ,736.0,232.29,127914.0
2019-11-01,29.35,29.8,29.1,29.35,135552,EQ,597.0,227.06,93630.0
2019-11-04,29.9,30.2,29.3,29.45,107721,EQ,679.0,158.65,69204.0
2019-11-05,29.6,30.1,28.8,29.5,149867,EQ,1104.0,135.75,72021.0
2019-11-06,29.8,29.8,28.6,28.9,80656,EQ,450.0,179.24,48514.0
2019-11-07,29.0,29.35,28.45,28.85,109341,EQ,728.0,150.19,73843.0
2019-11-08,29.2,29.2,28.65,28.85,69807,EQ,465.0,150.12,50612.0
2019-11-11,28.85,29.25,28.55,28.9,179216,EQ,620.0,289.06,133671.0
2019-11-13,29.45,29.45,28.65,28.75,60950,EQ,463.0,131.64,48573.0
2019-11-14,29.15,29.45,28.6,29.25,123952,EQ,662.0,187.24,82730.0
2019-11-15,29.7,29.8,28.85,29.0,64568,EQ,373.0,173.1,49309.0
2019-11-18,28.55,29.5,28.55,29.35,87529,EQ,522.0,167.68,53091.0
2019-11-19,29.45,31.7,29.0,30.35,208314,EQ,1359.0,153.28,124116.0
2019-11-20,31.2,31.2,29.8,30.15,86913,EQ,741.0,117.29,50219.0
2019-11-21,30.5,30.5,29.35,29.5,75671,EQ,973.0,77.77,42325.0
2019-11-22,30.2,31.0,29.55,30.25,183618,EQ,2021.0,90.86,101818.0
2019-11-25,30.3,30.9,29.65,30.0,166887,EQ,1359.0,122.8,121237.0
2019-11-26,30.35,30.65,29.7,30.0,153893,EQ,1622.0,94.88,96959.0
2019-11-27,30.15,30.35,29.5,29.65,85032,EQ,786.0,108.18,54573.0
2019-11-28,29.6,29.9,29.25,29.6,162685,EQ,1479.0,110.0,79772.0
2019-11-29,30.2,30.5,29.0,29.45,170119,EQ,833.0,204.22,84737.0
2019-12-02,30.0,30.0,28.45,28.75,85744,EQ,968.0,88.58,56071.0
2019-12-03,28.95,28.95,27.9,28.2,104112,EQ,660.0,157.75,67267.0
2019-12-04,28.9,28.9,27.55,28.65,96527,EQ,588.0,164.16,42392.0
2019-12-05,28.1,29.15,28.05,28.2,49545,EQ,540.0,91.75,21148.0
2019-12-06,28.5,28.5,27.75,27.9,168466,EQ,1537.0,109.61,110616.0
2019-12-09,28.0,28.0,27.55,27.75,42246,EQ,294.0,143.69,27451.0
2019-12-10,28.45,28.45,27.0,27.15,39981,EQ,333.0,120.06,27156.0
2019-12-11,27.95,28.1,27.15,27.6,72460,EQ,476.0,152.23,38295.0
2019-12-12,27.4,29.4,27.4,29.05,182497,EQ,718.0,254.17,100876.0
2019-12-13,28.9,29.0,28.35,28.6,83723,EQ,500.0,167.45,46259.0
2019-12-16,28.55,29.35,27.6,27.8,72367,EQ,550.0,131.58,45864.0
2019-12-17,27.8,28.3,27.55,27.95,37823,EQ,381.0,99.27,19344.0
2019-12-18,27.95,28.2,27.65,27.65,127645,EQ,490.0,260.5,66976.0
2019-12-19,28.45,28.45,27.55,27.95,37613,EQ,228.0,164.97,18392.0
2019-12-20,28.15,28.15,27.35,27.7,112333,EQ,346.0,324.66,82744.0
2019-12-23,27.75,28.45,27.2,27.55,51783,EQ,336.0,154.12,22923.0
2019-12-24,27.45,27.75,26.9,27.15,65915,EQ,477.0,138.19,41469.0
2019-12-26,27.25,27.6,27.05,27.1,53656,EQ,417.0,128.67,32201.0
2019-12-27,27.2,29.75,26.95,28.1,403071,EQ,1686.0,239.07,187682.0
2019-12-30,28.25,28.5,27.9,28.45,56896,EQ,338.0,168.33,36939.0
2019-12-31,28.45,29.1,27.4,27.9,139573,EQ,1555.0,89.76,86392.0
2020-01-01,27.9,29.1,27.9,28.65,130270,EQ,410.0,317.73,84287.0
2020-01-02,28.8,30.0,28.55,29.5,238043,EQ,2451.0,97.12,138210.0
2020-01-03,30.0,31.5,29.2,29.6,401898,EQ,3096.0,129.81,218200.0
2020-01-06,29.25,29.6,28.15,28.25,125136,EQ,1647.0,75.98,87858.0
2020-01-07,29.2,29.2,28.1,28.35,96440,EQ,1169.0,82.5,63985.0
2020-01-08,28.45,28.45,27.5,27.8,226983,EQ,2087.0,108.76,113245.0
2020-01-09,28.65,29.15,28.05,28.8,174258,EQ,2043.0,85.3,81600.0
2020-01-10,28.6,29.25,28.5,28.75,153837,EQ,1633.0,94.21,96348.0
2020-01-13,28.85,29.45,28.85,29.0,101308,EQ,494.0,205.08,61324.0
2020-01-14,29.25,29.9,28.75,29.5,225821,EQ,1977.0,114.22,116696.0
2020-01-15,29.15,29.8,28.8,29.45,84827,EQ,1051.0,80.71,49584.0
2020-01-16,29.6,30.1,29.2,29.75,171315,EQ,1463.0,117.1,108682.0
2020-01-17,30.0,30.15,29.35,29.5,80515,EQ,1193.0,67.49,55532.0
2020-01-20,29.5,29.6,28.5,28.65,109958,EQ,1268.0,86.72,92954.0
2020-01-21,29.0,29.1,27.45,27.95,159965,EQ,2139.0,74.78,106162.0
2020-01-22,28.65,28.65,27.7,28.05,144579,EQ,1665.0,86.83,98540.0
2020-01-23,28.0,28.65,27.8,28.1,246453,EQ,1659.0,148.56,131208.0
2020-01-24,28.1,28.55,27.7,27.9,206560,EQ,1697.0,121.72,138566.0
2020-01-27,28.25,28.6,27.8,28.35,196006,EQ,1566.0,125.16,122975.0
2020-01-28,28.55,29.15,28.1,28.5,161621,EQ,1800.0,89.79,103945.0
2020-01-29,28.55,29.25,28.55,28.8,133242,EQ,1045.0,127.5,73234.0
2020-01-30,29.0,29.0,28.2,28.55,85175,EQ,1063.0,80.13,54322.0
2020-01-31,28.5,28.85,28.05,28.4,53683,EQ,832.0,64.52,32164.0
2020-02-03,27.55,28.15,26.9,27.5,151935,EQ,1615.0,94.08,90444.0
2020-02-04,27.55,28.3,27.4,27.6,109607,EQ,1314.0,83.41,69436.0
2020-02-05,27.95,27.95,27.55,27.6,69934,EQ,795.0,87.97,41779.0
2020-02-06,27.8,28.35,25.95,27.1,331571,EQ,2792.0,118.76,173329.0
2020-02-07,30.45,30.45,28.8,29.4,1468067,EQ,5848.0,251.04,541507.0
2020-02-10,29.8,29.8,28.0,28.1,127303,EQ,2133.0,59.68,81014.0
2020-02-11,28.25,28.75,27.6,27.8,132610,EQ,1493.0,88.82,81110.0
2020-02-12,27.8,28.3,27.45,27.55,114896,EQ,1433.0,80.18,78343.0
2020-02-13,27.7,27.9,27.5,27.65,76621,EQ,862.0,88.89,52381.0
2020-02-14,27.75,28.05,27.0,27.15,158495,EQ,1190.0,133.19,133551.0
2020-02-17,27.5,27.5,26.4,26.5,114489,EQ,1428.0,80.17,82478.0
2020-02-18,26.4,26.9,26.0,26.3,153545,EQ,1425.0,107.75,110151.0
2020-02-19,26.5,27.25,26.3,27.1,144522,EQ,1387.0,104.2,98714.0
2020-02-20,27.35,28.35,27.1,27.8,242737,EQ,2583.0,93.97,133034.0
2020-02-24,28.0,28.9,26.8,27.0,453757,EQ,4549.0,99.75,229140.0
2020-02-25,27.0,27.75,26.5,27.1,650555,EQ,4372.0,148.8,477846.0
2020-02-26,27.0,27.15,26.1,26.2,169144,EQ,1809.0,93.5,114971.0
2020-02-27,26.2,26.5,25.3,25.7,494138,EQ,3871.0,127.65,375100.0
2020-02-28,25.05,25.55,24.45,24.95,292720,EQ,2593.0,112.89,211032.0
2020-03-02,25.15,25.45,23.65,23.95,453192,EQ,6415.0,70.65,293035.0
2020-03-03,24.0,24.95,23.6,23.9,304438,EQ,4138.0,73.57,216466.0
2020-03-04,24.2,24.2,23.1,23.55,160196,EQ,3554.0,45.07,105425.0
2020-03-05,23.6,23.8,23.0,23.1,147970,EQ,4634.0,31.93,93375.0
2020-03-06,22.5,22.95,21.65,22.65,151837,EQ,1570.0,96.71,97112.0
2020-03-09,22.0,22.55,21.05,21.85,285964,EQ,2345.0,121.95,184338.0
2020-03-11,21.35,23.4,20.3,22.25,386663,EQ,2878.0,134.35,199996.0
2020-03-12,22.0,22.0,20.05,20.65,743654,EQ,2745.0,270.91,567570.0
2020-03-13,19.5,24.75,18.5,21.5,630274,EQ,4735.0,133.11,432470.0
2020-03-16,21.25,21.5,20.0,20.4,248615,EQ,2585.0,96.18,167573.0
2020-03-17,20.75,21.0,20.3,20.65,235738,EQ,2458.0,95.91,152483.0
2020-03-18,20.75,21.5,19.75,19.85,420844,EQ,2665.0,157.92,334311.0
2020-03-19,19.5,19.8,18.65,19.55,473510,EQ,2065.0,229.3,382770.0
2020-03-20,18.8,19.4,18.55,18.75,368593,EQ,2998.0,122.95,223538.0
2020-03-23,16.1,18.4,15.0,15.7,609938,EQ,3151.0,193.57,384914.0
2020-03-24,17.35,17.35,14.9,16.4,219077,EQ,2985.0,73.39,122245.0
2020-03-25,16.0,18.75,15.5,18.45,345770,EQ,2868.0,120.56,224418.0
2020-03-26,18.25,21.85,17.45,19.3,554266,EQ,3574.0,155.08,270551.0
2020-03-27,19.6,20.9,18.0,18.7,399926,EQ,3023.0,132.29,238727.0
2020-03-30,18.7,19.35,18.15,18.4,205694,EQ,1751.0,117.47,143421.0
2020-03-31,19.15,19.2,17.9,18.2,244514,EQ,2216.0,110.34,167638.0
2020-04-01,18.4,18.8,17.9,18.55,108699,EQ,1547.0,70.26,59191.0
2020-04-03,18.35,19.15,18.2,18.55,146773,EQ,1889.0,77.7,79097.0
2020-04-07,18.8,19.3,18.6,18.75,171808,EQ,2082.0,82.52,132042.0
2020-04-08,18.9,19.2,18.5,18.65,134457,EQ,637.0,211.08,82565.0
2020-04-09,18.95,19.0,18.6,18.7,240640,EQ,722.0,333.3,192720.0
2020-04-13,18.9,18.9,17.9,18.0,239189,EQ,,,
2020-04-15,18.7,18.9,18.25,18.8,485967,EQ,1102.0,440.99,393657.0
2020-04-16,19.0,20.7,18.65,19.7,590955,EQ,1719.0,343.78,335218.0
2020-04-17,20.1,20.65,19.55,19.8,322062,EQ,962.0,334.78,261828.0
2020-04-20,20.25,20.5,19.55,19.75,552692,EQ,1398.0,395.34,378775.0
2020-04-21,19.5,19.5,18.65,18.9,413651,EQ,913.0,453.07,335069.0
2020-04-22,18.4,20.9,18.4,20.65,964431,EQ,2085.0,462.56,651498.0
2020-04-23,21.2,21.25,19.8,20.15,321343,EQ,1055.0,304.59,202607.0
2020-04-24,20.15,21.1,19.5,19.85,163029,EQ,815.0,200.04,90653.0
2020-04-27,20.15,22.4,20.05,22.0,530685,EQ,2026.0,261.94,273009.0
2020-04-28,22.25,22.9,21.4,21.8,361797,EQ,1266.0,285.78,225779.0
2020-04-29,22.45,22.75,21.5,22.2,437999,EQ,1065.0,411.27,267553.0
2020-04-30,22.55,22.55,21.25,21.8,433008,EQ,1341.0,322.9,258966.0
2020-05-04,21.25,21.25,20.25,20.6,144982,EQ,861.0,168.39,90982.0
2020-05-05,21.0,21.25,20.3,20.35,115350,EQ,973.0,118.55,64603.0
2020-05-06,20.8,20.8,19.9,20.1,93647,EQ,903.0,103.71,57685.0
2020-05-07,20.4,20.4,19.9,20.0,105445,EQ,907.0,116.26,72838.0
2020-05-08,20.5,20.8,19.8,19.95,137287,EQ,1042.0,131.75,75801.0
2020-05-11,20.25,20.35,19.5,19.9,93249,EQ,399.0,233.71,69690.0
2020-05-12,20.0,20.25,19.5,20.0,421040,EQ,1056.0,398.71,353820.0
2020-05-13,20.45,20.75,19.95,20.25,415425,EQ,1447.0,287.09,333656.0
2020-05-14,20.45,20.45,19.3,19.5,206356,EQ,1017.0,202.91,159249.0
2020-05-15,19.9,19.9,19.3,19.4,145709,EQ,1854.0,78.59,128993.0
2020-05-18,19.75,19.75,19.1,19.4,150453,EQ,989.0,152.13,116670.0
2020-05-19,19.8,19.8,19.2,19.45,130251,EQ,895.0,145.53,109909.0
2020-05-20,19.3,19.6,19.05,19.5,303283,EQ,562.0,539.65,259119.0
2020-05-21,19.85,19.85,19.15,19.35,172110,EQ,944.0,182.32,133645.0
2020-05-22,19.3,19.45,18.9,18.95,186977,EQ,1021.0,183.13,150705.0
2020-05-26,18.95,19.25,18.05,18.8,163729,EQ,665.0,246.21,131349.0
2020-05-27,19.05,20.75,18.65,19.5,132608,EQ,569.0,233.05,85210.0
2020-05-28,19.3,19.7,19.3,19.6,60360,EQ,309.0,195.34,45583.0
2020-05-29,19.3,20.35,19.25,19.95,122946,EQ,611.0,201.22,62129.0
2020-06-01,20.7,20.7,19.5,19.65,427546,EQ,1178.0,362.94,305867.0
2020-06-02,19.95,20.8,19.75,20.55,350491,EQ,931.0,376.47,226937.0
2020-06-03,21.3,21.9,20.8,21.4,2046979,EQ,3539.0,578.41,1167912.0
2020-06-04,21.5,21.75,20.9,20.95,354405,EQ,939.0,377.43,230122.0
2020-06-05,21.2,22.5,21.2,22.0,823239,EQ,1716.0,479.74,595822.0
2020-06-08,23.0,23.2,22.25,22.95,786871,EQ,1834.0,429.05,547550.0
2020-06-09,23.15,23.95,22.3,22.85,701102,EQ,1644.0,426.46,407312.0
2020-06-10,23.05,23.7,22.8,23.3,430872,EQ,1027.0,419.54,240182.0
2020-06-11,23.7,23.7,22.3,22.9,284897,EQ,881.0,323.38,166346.0
2020-06-12,22.15,23.5,21.85,23.1,432687,EQ,1265.0,342.05,229087.0
2020-06-15,25.9,27.7,25.55,26.95,2985897,EQ,7570.0,394.44,1371897.0
2020-06-16,27.0,28.0,24.1,25.75,960848,EQ,3329.0,288.63,477447.0
2020-06-17,25.25,26.45,24.65,25.65,455364,EQ,1579.0,288.39,193783.0
2020-06-18,25.65,26.0,25.15,25.45,342695,EQ,1113.0,307.9,192215.0
2020-06-19,25.2,26.9,25.2,26.3,963311,EQ,1911.0,504.09,727406.0
2020-06-22,26.05,27.0,26.05,26.55,436908,EQ,1345.0,324.84,270501.0
2020-06-23,26.85,28.85,26.75,28.6,879728,EQ,2796.0,314.64,479305.0
2020-06-24,29.0,29.7,28.0,28.55,742095,EQ,2073.0,357.98,434400.0
2020-06-25,28.0,34.25,28.0,34.25,2770794,EQ,7362.0,376.36,1399631.0
2020-06-26,36.85,37.65,34.4,35.4,4506542,EQ,12794.0,352.24,1764352.0
2020-06-29,34.5,38.9,32.25,37.85,1617448,EQ,7885.0,205.13,937356.0
2020-06-30,37.95,39.0,35.75,36.75,1190343,EQ,6841.0,174.0,621536.0
2020-07-01,36.8,38.9,35.95,36.3,582558,EQ,4029.0,144.59,373890.0
2020-07-02,36.3,37.0,35.2,36.4,512204,EQ,4122.0,124.26,281863.0
2020-07-03,36.2,37.7,36.05,37.35,546860,EQ,3876.0,141.09,396545.0
2020-07-06,37.8,38.9,37.0,38.1,591361,EQ,4143.0,142.74,420928.0
2020-07-07,38.45,41.35,38.15,39.65,1403742,EQ,7126.0,196.99,740006.0
2020-07-08,39.95,40.9,38.0,38.3,612473,EQ,4525.0,135.35,381747.0
2020-07-09,38.7,39.8,38.5,39.45,322190,EQ,1683.0,191.44,190877.0
2020-07-10,38.95,43.35,36.3,42.6,3960366,EQ,12158.0,325.74,1339463.0
2020-07-13,43.0,43.8,39.6,40.0,967510,EQ,4907.0,197.17,530683.0
2020-07-14,40.35,43.0,39.4,41.15,1811228,EQ,6843.0,264.68,715775.0
2020-07-15,41.7,42.4,39.0,39.45,727495,EQ,3141.0,231.61,433105.0
2020-07-16,39.9,40.6,37.0,37.9,772533,EQ,2856.0,270.49,479614.0
2020-07-17,38.3,40.8,38.0,39.45,1120702,EQ,4529.0,247.45,496917.0
2020-07-20,39.0,39.85,38.55,39.0,426793,EQ,2118.0,201.51,226421.0
2020-07-21,39.5,40.5,38.5,39.2,504160,EQ,3602.0,139.97,227217.0
2020-07-22,39.2,39.5,38.25,38.6,249902,EQ,1562.0,159.99,150692.0
2020-07-23,39.25,39.65,38.6,39.4,399955,EQ,1476.0,270.97,207257.0
2020-07-24,39.0,39.7,38.6,39.2,365150,EQ,1255.0,290.96,195429.0
2020-07-27,39.2,39.3,35.3,35.65,802435,EQ,3747.0,214.15,546803.0
2020-07-28,34.9,37.05,34.25,36.55,594384,EQ,2777.0,214.04,306731.0
2020-07-29,37.0,37.35,35.05,35.8,252307,EQ,1523.0,165.66,153665.0
2020-07-30,36.5,36.9,35.45,36.0,234565,EQ,2433.0,96.41,150474.0
2020-07-31,36.2,36.2,33.95,34.8,423473,EQ,2278.0,185.9,245155.0
2020-08-03,35.0,37.9,34.3,37.45,524024,EQ,2033.0,257.76,292489.0
2020-08-04,37.9,39.6,37.9,39.05,704408,EQ,2679.0,262.94,405449.0
2020-08-05,40.5,41.25,39.2,40.6,2157579,EQ,7429.0,290.43,1071873.0
2020-08-06,43.2,43.2,41.1,41.35,1336629,EQ,5708.0,234.17,765693.0
2020-08-07,41.9,41.9,39.7,39.9,507302,EQ,3800.0,133.5,322071.0
2020-08-10,40.8,40.8,39.1,39.65,396767,EQ,3590.0,110.52,248489.0
2020-08-11,40.0,41.3,39.15,40.8,561132,EQ,3307.0,169.68,339449.0
2020-08-12,41.4,41.4,40.05,40.7,318138,EQ,3479.0,91.45,197612.0
2020-08-13,40.9,41.0,39.45,39.8,319000,EQ,3567.0,89.43,206373.0
2020-08-14,39.7,40.6,38.55,39.1,381570,EQ,3864.0,98.75,215670.0
2020-08-17,39.4,40.6,38.9,39.05,268679,EQ,3106.0,86.5,167204.0
2020-08-18,39.25,40.5,39.0,40.2,316800,EQ,3442.0,92.04,203443.0
2020-08-19,40.95,41.15,39.9,40.05,315521,EQ,2185.0,144.4,208995.0
2020-08-20,39.8,41.9,39.8,41.2,879769,EQ,2747.0,320.27,531070.0
2020-08-21,41.55,42.3,40.7,41.2,703339,EQ,3356.0,209.58,452773.0
2020-08-24,41.75,41.9,40.55,41.3,329768,EQ,3192.0,103.31,190990.0
2020-08-25,41.6,41.8,40.1,40.2,330376,EQ,2000.0,165.19,212071.0
2020-08-26,40.3,41.45,39.3,41.15,418857,EQ,3127.0,133.95,247027.0
2020-08-27,41.15,41.4,39.5,40.15,254849,EQ,2846.0,89.55,178837.0
2020-08-28,40.75,40.75,40.0,40.25,251351,EQ,1511.0,166.35,191254.0
2020-08-31,41.05,45.75,35.5,38.45,2937523,EQ,14029.0,209.39,944187.0
2020-09-01,38.1,39.5,37.5,38.65,322363,EQ,3285.0,98.13,157685.0
2020-09-02,38.8,39.5,38.1,39.0,210166,EQ,1083.0,194.06,114777.0
2020-09-03,39.7,39.9,38.7,39.05,128790,EQ,817.0,157.64,80904.0
2020-09-04,38.4,39.6,38.4,38.7,385651,EQ,2703.0,142.68,216481.0
2020-09-07,38.75,38.9,36.85,37.3,219300,EQ,1593.0,137.66,147626.0
2020-09-08,37.65,38.2,36.8,37.05,194157,EQ,1381.0,140.59,117084.0
2020-09-09,37.0,37.0,35.3,36.65,265814,EQ,1341.0,198.22,168438.0
2020-09-10,36.8,39.8,36.8,37.75,112681,EQ,790.0,142.63,56757.0
2020-09-11,38.5,38.9,37.5,37.8,203020,EQ,1103.0,184.06,118402.0
2020-09-14,38.0,38.5,37.7,37.95,171679,EQ,5568.0,30.83,108130.0
2020-09-15,38.4,38.45,37.35,38.2,183934,EQ,977.0,188.26,100115.0
2020-09-16,38.4,39.7,38.15,38.8,259793,EQ,3772.0,68.87,175772.0
2020-09-17,38.8,39.3,38.4,38.55,88998,EQ,577.0,154.24,58118.0
2020-09-18,38.9,41.2,38.5,40.8,1146287,EQ,4968.0,230.73,540606.0
2020-09-21,41.25,41.7,37.4,38.35,568462,EQ,3284.0,173.1,257324.0
2020-09-22,38.0,38.25,36.2,37.45,240549,EQ,1786.0,134.69,110741.0
2020-09-23,38.15,42.7,38.05,41.4,2763232,EQ,12652.0,218.4,918111.0
2020-09-24,40.0,40.7,38.75,39.15,405727,EQ,2880.0,140.88,218060.0
2020-09-25,39.9,40.35,39.0,39.15,239698,EQ,1371.0,174.83,142628.0
2020-09-28,39.55,40.15,39.2,39.6,213024,EQ,,,
2020-09-29,39.9,40.4,39.0,39.15,159378,EQ,804.0,198.23,100993.0
2020-09-30,39.45,39.5,38.35,38.9,130456,EQ,802.0,162.66,75891.0
2020-10-01,39.4,39.7,38.75,38.95,114279,EQ,793.0,144.11,68460.0
2020-10-05,39.4,39.4,37.65,38.1,270573,EQ,1347.0,200.87,191262.0
2020-10-06,38.35,38.9,38.05,38.2,138129,EQ,767.0,180.09,84164.0
2020-10-07,38.5,38.5,37.55,37.65,112844,EQ,813.0,138.8,73023.0
2020-10-08,38.0,38.4,37.5,37.65,122314,EQ,771.0,158.64,71867.0
2020-10-09,37.95,37.95,37.0,37.2,131080,EQ,826.0,158.69,88882.0
2020-10-12,37.5,37.65,35.2,35.9,417653,EQ,2124.0,196.64,247557.0
2020-10-13,35.4,35.85,34.95,35.1,171229,EQ,1062.0,161.23,105477.0
2020-10-14,36.0,36.0,35.0,35.75,108099,EQ,704.0,153.55,55942.0
2020-10-15,36.3,37.9,35.8,36.1,278203,EQ,1548.0,179.72,122051.0
2020-10-16,36.85,36.95,35.65,36.2,113295,EQ,681.0,166.37,47123.0
2020-10-19,36.65,37.25,36.65,36.95,125580,EQ,701.0,179.14,70798.0
2020-10-20,36.8,37.1,36.65,36.7,67494,EQ,407.0,165.83,42370.0
2020-10-21,37.0,37.2,35.5,36.25,113600,EQ,862.0,131.79,54791.0
2020-10-22,36.0,36.95,35.65,36.75,85068,EQ,710.0,119.81,45507.0
2020-10-23,36.8,37.25,36.25,36.35,97158,EQ,724.0,134.2,71006.0
2020-10-26,37.5,37.7,36.55,36.85,219317,EQ,1398.0,156.88,76444.0
2020-10-27,37.65,37.65,36.7,37.45,175720,EQ,1059.0,165.93,91091.0
2020-10-28,37.75,37.8,37.0,37.45,171700,EQ,904.0,189.93,82434.0
2020-10-29,36.8,38.0,36.8,37.8,163133,EQ,965.0,169.05,106777.0
2020-10-30,38.15,40.4,37.95,39.45,847529,EQ,3180.0,266.52,511427.0
2020-11-02,39.95,40.75,39.3,39.9,294374,EQ,1561.0,188.58,176657.0
2020-11-03,40.3,41.4,37.4,40.05,2195814,EQ,8203.0,267.68,521967.0
2020-11-04,41.0,41.45,40.15,40.35,670438,EQ,2673.0,250.82,401873.0
2020-11-05,41.0,41.2,40.05,40.3,338548,EQ,1534.0,220.7,212771.0
2020-11-06,40.7,41.0,39.75,39.85,248857,EQ,1642.0,151.56,164745.0
2020-11-09,40.7,40.7,40.05,40.2,177754,EQ,916.0,194.05,115020.0
2020-11-10,41.1,41.35,40.45,40.65,305306,EQ,1619.0,188.58,146567.0
2020-11-11,40.65,40.75,39.4,39.85,306514,EQ,1350.0,227.05,188304.0
2020-11-12,39.5,40.0,39.25,39.7,140099,EQ,768.0,182.42,89334.0
2020-11-13,39.4,39.65,38.4,39.0,186177,EQ,1157.0,160.91,86347.0
2020-11-17,39.55,39.55,38.85,39.05,195948,EQ,972.0,201.59,128533.0
2020-11-18,38.8,40.0,38.8,39.95,358613,EQ,1528.0,234.69,217952.0
2020-11-19,40.3,40.9,39.2,39.35,349716,EQ,1326.0,263.74,214535.0
2020-11-20,39.35,39.95,38.9,39.2,195374,EQ,909.0,214.93,104267.0
2020-11-23,39.5,39.75,39.05,39.2,181986,EQ,950.0,191.56,105771.0
2020-11-24,39.5,39.7,38.4,38.9,241880,EQ,1303.0,185.63,159060.0
2020-11-25,39.05,39.5,37.8,38.25,375874,EQ,1689.0,222.54,179063.0
2020-11-26,38.6,38.9,38.0,38.75,203549,EQ,977.0,208.34,120279.0
2020-11-27,39.1,39.55,38.65,39.3,213473,EQ,1170.0,182.46,143773.0
2020-12-01,39.5,40.2,39.3,40.1,355934,EQ,1640.0,217.03,253287.0
2020-12-02,40.3,40.5,39.45,39.9,277895,EQ,2911.0,95.46,181399.0
2020-12-03,40.3,47.5,40.05,46.85,3415335,EQ,12892.0,264.92,1475710.0
2020-12-04,47.1,49.6,45.1,47.9,2442223,EQ,11062.0,220.78,1038584.0
2020-12-07,56.4,57.45,51.0,57.45,4035326,EQ,12903.0,312.74,1896829.0
2020-12-08,59.7,62.4,57.5,58.15,4105936,EQ,22644.0,181.33,1775798.0
2020-12-09,58.15,58.95,53.5,54.15,1508322,EQ,9273.0,162.66,759646.0
2020-12-10,53.1,57.9,53.1,55.95,977447,EQ,5996.0,163.02,453683.0
2020-12-11,56.3,57.5,55.0,55.4,501268,EQ,3015.0,166.26,264630.0
2020-12-14,57.35,59.5,56.0,57.25,993661,EQ,5986.0,166.0,514448.0
2020-12-15,57.5,57.6,56.0,56.6,368299,EQ,2607.0,141.27,211239.0
2020-12-16,57.0,57.4,54.55,55.7,391582,EQ,2690.0,145.57,258815.0
2020-12-17,56.35,56.35,54.6,54.95,258630,EQ,2093.0,123.57,167530.0
2020-12-18,54.95,55.3,52.5,53.85,373007,EQ,2938.0,126.96,222632.0
2020-12-21,54.35,55.5,48.5,50.05,966156,EQ,6130.0,157.61,573647.0
2020-12-22,50.05,53.0,45.8,51.35,1139239,EQ,6555.0,173.8,417645.0
2020-12-23,52.1,55.8,49.0,54.8,838841,EQ,4527.0,185.3,405164.0
2020-12-24,55.75,58.0,54.0,56.9,1342525,EQ,6787.0,197.81,546469.0
2020-12-28,57.35,57.45,56.0,56.4,617767,EQ,3628.0,170.28,352627.0
2020-12-29,56.85,56.85,54.8,55.35,334954,EQ,2585.0,129.58,218934.0
2020-12-30,57.9,58.0,55.5,55.95,399259,EQ,2393.0,166.84,212363.0
2020-12-31,55.0,57.3,54.75,55.5,407292,EQ,2549.0,159.79,176938.0
2021-01-01,55.95,60.85,55.55,58.65,2126201,EQ,10797.0,196.93,895016.0
2021-01-04,59.25,61.4,57.1,58.25,874469,EQ,5151.0,169.77,501456.0
2021-01-05,57.9,58.25,57.0,57.5,402802,EQ,2688.0,149.85,235224.0
2021-01-06,57.8,59.5,56.15,57.65,542568,EQ,3084.0,175.93,283622.0
2021-01-07,58.45,58.45,57.25,57.55,275591,EQ,1912.0,144.14,148294.0
2021-01-08,57.95,59.45,57.2,57.4,556905,EQ,2965.0,187.83,270406.0
2021-01-11,56.6,57.9,55.15,56.2,444368,EQ,3297.0,134.78,261672.0
2021-01-12,55.15,57.1,55.15,56.1,270239,EQ,2489.0,108.57,153852.0
2021-01-13,56.55,57.0,55.55,56.1,243365,EQ,1743.0,139.62,142516.0
2021-01-14,56.0,57.75,55.55,56.15,230617,EQ,1580.0,145.96,125004.0
2021-01-15,56.0,56.5,54.1,54.75,312586,EQ,2533.0,123.41,223179.0
2021-01-18,54.0,54.4,52.5,53.0,337064,EQ,2629.0,128.21,192577.0
2021-01-19,53.5,54.9,53.3,53.8,172681,EQ,1407.0,122.73,94933.0
2021-01-20,54.0,54.95,53.85,53.95,190085,EQ,1690.0,112.48,123421.0
2021-01-21,54.2,54.6,53.05,53.35,251096,EQ,2275.0,110.37,149819.0
2021-01-22,53.35,54.9,52.4,54.1,267450,EQ,1988.0,134.53,125426.0
2021-01-25,54.6,54.7,52.0,52.75,176554,EQ,1550.0,113.91,95757.0
2021-01-27,52.75,54.15,51.3,52.35,310719,EQ,3499.0,88.8,103643.0
2021-01-28,51.9,53.35,51.55,52.95,163804,EQ,1448.0,113.12,85637.0
2021-01-29,53.45,54.35,52.9,53.3,185130,EQ,1400.0,132.24,110447.0
2021-02-01,54.3,56.0,52.65,52.95,454892,EQ,2790.0,163.04,275944.0
2021-02-02,53.35,54.95,52.8,53.0,361682,EQ,2187.0,165.38,217285.0
2021-02-03,53.7,53.8,52.75,53.0,276119,EQ,1429.0,193.23,167723.0
2021-02-04,53.5,53.6,53.0,53.35,197664,EQ,1113.0,177.6,123207.0
2021-02-05,54.0,54.45,53.55,53.75,271731,EQ,1669.0,162.81,139038.0
2021-02-08,54.15,54.25,53.15,53.8,275978,EQ,1926.0,143.29,164286.0
2021-02-09,53.95,53.95,53.0,53.1,206121,EQ,1436.0,143.54,122282.0
2021-02-10,52.0,53.35,52.0,52.55,250243,EQ,2817.0,88.83,97411.0
2021-02-11,52.45,54.3,52.4,53.55,299392,EQ,2000.0,149.7,127831.0
2021-02-12,53.55,58.3,53.25,57.5,1877333,EQ,8822.0,212.8,904009.0
2021-02-15,58.9,59.0,55.5,56.05,705108,EQ,5354.0,131.7,387106.0
2021-02-16,56.55,57.25,54.55,55.1,407944,EQ,2570.0,158.73,219695.0
2021-02-17,54.75,56.35,52.5,55.15,339261,EQ,1833.0,185.09,203732.0
2021-02-18,56.0,56.65,55.05,55.3,286223,EQ,1876.0,152.57,171669.0
2021-02-19,55.7,55.8,53.35,54.2,254713,EQ,2463.0,103.42,151663.0
2021-02-22,54.2,54.5,50.0,52.2,467593,EQ,4513.0,103.61,294301.0
2021-02-23,52.0,54.0,52.0,52.85,168480,EQ,1685.0,99.99,97904.0
2021-02-24,53.1,54.2,50.35,51.3,365170,EQ,2555.0,142.92,234936.0
2021-02-25,51.6,52.7,51.6,52.15,524598,EQ,2598.0,201.92,376344.0
2021-02-26,51.65,52.6,51.0,51.7,256367,EQ,1817.0,141.09,169062.0
2021-03-01,52.5,52.95,51.8,51.9,190566,EQ,1220.0,156.2,135733.0
2021-03-02,52.0,52.85,50.8,51.35,297499,EQ,2260.0,131.64,196696.0
2021-03-03,51.95,53.95,51.7,52.75,489586,EQ,3596.0,136.15,283198.0
2021-03-04,52.9,53.9,52.45,53.2,337739,EQ,2181.0,154.86,194275.0
2021-03-05,53.6,53.95,52.5,52.9,329648,EQ,1813.0,181.82,193181.0
2021-03-08,53.5,55.0,53.25,54.45,455000,EQ,2715.0,167.59,297374.0
2021-03-09,55.3,61.7,55.2,60.8,5065699,EQ,21165.0,239.34,2380464.0
2021-03-10,62.5,63.8,59.2,59.95,1704395,EQ,11782.0,144.66,931842.0
2021-03-12,60.5,61.7,57.55,58.05,942119,EQ,7893.0,119.36,537176.0
2021-03-15,58.6,58.6,55.0,55.85,772408,EQ,5129.0,150.6,469573.0
2021-03-16,56.1,57.45,55.25,55.5,430715,EQ,2915.0,147.76,249605.0
2021-03-17,55.7,56.35,53.5,53.7,470347,EQ,2960.0,158.9,320440.0
2021-03-18,54.0,54.7,51.65,52.4,353698,EQ,3112.0,113.66,217411.0
2021-03-19,50.85,53.25,48.25,52.75,580917,EQ,3994.0,145.45,282141.0
2021-03-22,52.7,53.1,51.5,52.0,200195,EQ,1688.0,118.6,130288.0
2021-03-23,52.9,53.4,52.0,52.8,197738,EQ,1667.0,118.62,128101.0
2021-03-24,52.5,53.7,51.1,51.3,240690,EQ,1860.0,129.4,161886.0
2021-03-25,51.35,51.9,48.2,49.45,351307,EQ,3138.0,111.95,232964.0
2021-03-26,50.0,51.6,50.0,50.7,234912,EQ,3361.0,69.89,148862.0
2021-03-30,52.5,52.5,50.0,51.05,176710,EQ,1721.0,102.68,109244.0
2021-03-31,51.05,51.05,50.1,50.25,174322,EQ,1370.0,127.24,120160.0
2021-04-01,52.0,52.0,50.85,51.8,186560,EQ,2418.0,77.15,110832.0
2021-04-05,51.95,52.2,50.05,51.3,221720,EQ,1905.0,116.39,137281.0
2021-04-06,50.85,51.45,50.1,50.6,212824,EQ,1995.0,106.68,134361.0
2021-04-07,50.55,51.4,50.4,51.05,167692,EQ,1217.0,137.79,107956.0
2021-04-08,51.45,52.2,51.2,51.7,188732,EQ,1525.0,123.76,129157.0
2021-04-09,51.7,51.8,50.5,50.7,179953,EQ,1357.0,132.61,125454.0
2021-04-12,50.0,50.4,46.7,47.35,424091,EQ,3742.0,113.33,284762.0
2021-04-13,47.45,50.0,47.45,48.7,140806,EQ,3199.0,44.02,76478.0
2021-04-15,48.0,48.6,46.65,48.05,151292,EQ,1405.0,107.68,99916.0
2021-04-16,48.3,49.0,46.75,47.55,210004,EQ,3604.0,58.27,140523.0
2021-04-19,45.55,46.3,43.55,45.5,421027,EQ,3797.0,110.88,223432.0
2021-04-20,46.0,47.35,45.3,45.6,154797,EQ,3278.0,47.22,89187.0
2021-04-22,45.7,49.75,45.0,48.75,431693,EQ,3518.0,122.71,215087.0
2021-04-23,48.1,48.95,47.1,47.65,219230,EQ,4247.0,51.62,115309.0
2021-04-26,48.3,48.65,47.45,47.85,120680,EQ,2600.0,46.42,84371.0
2021-04-27,48.25,55.8,48.15,54.15,3282163,EQ,19669.0,166.87,789425.0
2021-04-28,53.5,53.95,52.5,53.0,522949,EQ,5434.0,96.24,267460.0
2021-04-29,53.9,54.8,51.5,52.45,349441,EQ,3327.0,105.03,171066.0
2021-04-30,53.3,53.3,51.5,51.8,302521,EQ,3181.0,95.1,181576.0
2021-05-03,51.0,53.4,50.55,52.95,291419,EQ,4101.0,71.06,166555.0
2021-05-04,54.95,58.65,54.15,55.4,2135362,EQ,15098.0,141.43,926502.0
2021-05-05,56.75,58.0,55.45,56.4,742355,EQ,7892.0,94.06,355850.0
2021-05-06,58.0,60.5,55.9,59.6,3931469,EQ,18034.0,218.0,1226166.0
2021-05-07,59.9,61.7,58.6,59.1,1436443,EQ,9968.0,144.11,701201.0
2021-05-10,60.4,64.65,60.25,63.25,2494425,EQ,15663.0,159.26,1122651.0
2021-05-11,62.85,65.75,61.6,64.0,1781135,EQ,11734.0,151.79,764643.0
2021-05-12,65.0,66.4,63.1,63.7,1153129,EQ,7734.0,149.1,634979.0
2021-05-14,65.2,67.8,62.25,66.75,2369493,EQ,14458.0,163.89,964874.0
2021-05-17,71.5,74.7,69.45,69.95,4921686,EQ,29814.0,165.08,1826399.0
2021-05-18,71.2,71.8,67.5,67.9,1544249,EQ,11633.0,132.75,734889.0
2021-05-19,67.9,71.45,67.1,70.65,1424262,EQ,8971.0,158.76,570539.0
2021-05-20,70.4,71.7,68.95,69.35,933833,EQ,7421.0,125.84,463651.0
2021-05-21,69.7,72.45,69.15,70.3,2003726,EQ,11197.0,178.95,534627.0
2021-05-24,71.2,72.0,69.35,69.9,890197,EQ,5657.0,157.36,410022.0
2021-05-25,70.4,70.7,67.65,68.0,603617,EQ,5006.0,120.58,373116.0
2021-05-26,68.0,68.65,67.1,67.35,546330,EQ,4786.0,114.15,275701.0
2021-05-27,67.4,69.4,66.8,67.45,559295,EQ,4541.0,123.17,220626.0
2021-05-28,67.6,69.5,67.0,67.55,684217,EQ,4738.0,144.41,330330.0
2021-05-31,67.0,68.2,66.2,66.45,421315,EQ,3479.0,121.1,241133.0
2021-06-01,66.65,67.1,64.25,64.45,554247,EQ,5251.0,105.55,320273.0
2021-06-02,63.85,66.0,63.85,65.5,354640,EQ,3458.0,102.56,184520.0
2021-06-03,65.95,68.0,65.6,67.0,527143,EQ,4234.0,124.5,224103.0
2021-06-04,67.65,73.1,66.55,71.3,2124905,EQ,9844.0,215.86,975241.0
2021-06-07,78.6,81.8,75.4,79.05,8502238,EQ,49434.0,171.99,3214647.0
2021-06-08,80.0,81.55,77.55,80.05,2360652,EQ,17640.0,133.82,885176.0
2021-06-09,80.5,81.05,76.25,77.65,1431692,EQ,11751.0,121.84,672005.0
2021-06-10,78.0,79.0,77.7,78.05,617911,EQ,5718.0,108.06,324484.0
2021-06-11,78.7,79.7,77.75,77.95,441139,EQ,4074.0,108.28,246245.0
2021-06-14,77.95,78.25,74.1,76.05,792887,EQ,7921.0,100.1,320992.0
2021-06-15,76.85,80.85,76.5,79.2,2309210,EQ,15184.0,152.08,858232.0
2021-06-16,79.6,80.6,77.0,77.3,1085663,EQ,8945.0,121.37,500177.0
2021-06-17,76.5,77.9,74.5,76.3,756774,EQ,7714.0,98.1,206448.0
2021-06-18,76.9,77.4,71.6,74.95,1166748,EQ,15522.0,75.17,273844.0
2021-06-21,73.85,75.8,72.0,74.65,531290,EQ,7059.0,75.26,179058.0
2021-06-22,75.45,76.6,73.5,74.7,706322,EQ,9859.0,71.64,195314.0
2021-06-23,75.35,76.6,74.25,75.15,625383,EQ,8617.0,72.58,193479.0
2021-06-24,75.75,75.75,73.75,74.1,343340,EQ,4562.0,75.26,125725.0
2021-06-25,74.05,74.7,73.5,73.7,247192,EQ,3227.0,76.6,148603.0
2021-06-28,74.0,74.9,74.0,74.15,225875,EQ,2526.0,89.42,126261.0
2021-06-29,74.6,78.4,74.5,76.3,887118,EQ,8546.0,103.81,310467.0
2021-06-30,76.9,77.2,75.35,75.55,240214,EQ,2971.0,80.85,132676.0
2021-07-01,75.95,77.6,74.95,77.1,795482,EQ,7368.0,107.96,294101.0
2021-07-02,77.4,79.8,76.05,76.35,981138,EQ,8777.0,111.79,330189.0
2021-07-05,78.9,82.5,77.85,79.75,2789191,EQ,18632.0,149.7,1062747.0
2021-07-06,79.6,82.3,78.2,78.85,1016099,EQ,8505.0,119.47,376716.0
2021-07-07,79.0,86.95,78.65,84.4,5380026,EQ,34211.0,157.26,1518190.0
2021-07-08,84.9,84.9,80.2,81.65,1334571,EQ,13010.0,102.58,547441.0
2021-07-09,81.7,86.35,81.25,84.65,2436114,EQ,18392.0,132.46,639178.0
2021-07-12,85.65,87.55,84.55,84.9,1487673,EQ,12939.0,114.98,505451.0
2021-07-13,85.5,87.2,84.35,85.8,1620928,EQ,17496.0,92.65,421944.0
2021-07-14,86.7,89.6,85.35,88.3,3034300,EQ,21341.0,142.18,890492.0
2021-07-15,88.95,92.25,88.4,89.2,2722455,EQ,17941.0,151.74,828500.0
2021-07-16,89.9,102.7,89.5,96.75,9010043,EQ,51627.0,174.52,1799990.0
2021-07-19,94.75,101.0,93.2,95.65,3178102,EQ,20815.0,152.68,1007107.0
2021-07-20,96.4,97.9,91.25,92.2,1580320,EQ,13831.0,114.26,499936.0
2021-07-22,93.2,96.0,92.65,93.35,1283117,EQ,9161.0,140.06,429438.0
2021-07-23,94.0,94.3,91.1,91.6,680873,EQ,6645.0,102.46,267215.0
2021-07-26,93.0,93.9,91.9,92.4,606794,EQ,5397.0,112.43,226210.0
2021-07-27,93.5,96.65,92.0,94.7,1625450,EQ,13731.0,118.38,535535.0
2021-07-28,95.45,96.3,91.9,92.9,2214898,EQ,21083.0,105.06,607097.0
2021-07-29,93.0,93.7,86.45,87.6,1453173,EQ,11493.0,126.44,788563.0
2021-07-30,88.45,90.45,86.6,87.25,1163807,EQ,10139.0,114.79,418737.0
2021-08-02,88.3,94.6,87.95,93.0,1872639,EQ,13582.0,137.88,549004.0
2021-08-03,93.0,93.85,91.65,92.15,647729,EQ,5534.0,117.05,281904.0
2021-08-04,92.35,94.0,90.0,90.2,507282,EQ,4368.0,116.14,281536.0
2021-08-05,90.4,90.75,87.2,88.15,665874,EQ,6568.0,101.38,263642.0
2021-08-06,88.15,89.7,87.0,88.0,426716,EQ,4604.0,92.68,140750.0
2021-08-09,88.0,88.7,85.5,85.9,398609,EQ,4395.0,90.7,198106.0
2021-08-10,85.0,85.8,76.3,79.7,1030447,EQ,11102.0,92.82,489597.0
2021-08-11,80.65,82.85,73.55,80.5,1000755,EQ,11244.0,89.0,341013.0
2021-08-12,84.95,85.9,82.0,84.95,649981,EQ,7140.0,91.03,227453.0
2021-08-13,85.0,86.45,81.85,82.5,572683,EQ,6517.0,87.88,224542.0
2021-08-16,82.75,83.45,80.1,80.65,404187,EQ,4802.0,84.17,163820.0
2021-08-17,80.6,80.6,78.6,79.45,317681,EQ,4137.0,76.79,130036.0
2021-08-18,78.8,81.35,78.0,78.3,397610,EQ,5135.0,77.43,164103.0
2021-08-20,76.55,77.85,75.0,75.85,454549,EQ,6018.0,75.53,218018.0
2021-08-23,76.8,77.6,71.55,72.05,519081,EQ,7085.0,73.26,224699.0
2021-08-24,72.5,79.0,71.25,77.2,508591,EQ,6467.0,78.64,183228.0
2021-08-25,76.5,82.45,76.5,81.5,1055030,EQ,11138.0,94.72,306324.0
2021-08-26,80.8,81.6,78.65,79.7,296695,EQ,5717.0,51.9,125651.0
2021-08-27,78.6,79.9,78.0,78.5,203388,EQ,3090.0,65.82,101331.0
2021-08-30,78.25,81.1,77.85,79.5,725593,EQ,7386.0,98.24,223834.0
2021-08-31,79.5,80.25,78.2,78.45,251278,EQ,3507.0,71.65,128709.0
2021-09-01,78.5,79.9,77.55,78.35,215765,EQ,3363.0,64.16,91311.0
2021-09-02,78.45,79.9,78.05,78.8,230930,EQ,2889.0,79.93,122848.0
2021-09-03,78.8,80.6,77.4,78.0,336400,EQ,5518.0,60.96,138954.0
2021-09-06,78.1,79.55,78.1,78.65,206097,EQ,2692.0,76.56,114808.0
2021-09-07,79.25,79.25,77.3,77.45,159811,EQ,2692.0,59.37,89462.0
2021-09-08,77.9,78.6,76.7,77.35,238836,EQ,3556.0,67.16,84142.0
2021-09-09,77.35,79.2,77.05,78.45,208337,EQ,3501.0,59.51,90412.0
2021-09-13,79.0,81.5,78.6,79.25,344671,EQ,5232.0,65.88,145292.0
2021-09-14,79.55,80.45,78.95,79.15,256190,EQ,2504.0,102.31,136699.0
2021-09-15,79.2,81.0,79.2,79.75,266839,EQ,2748.0,97.1,149196.0
2021-09-16,79.75,80.6,79.05,79.45,286008,EQ,2993.0,95.56,154257.0
2021-09-17,79.5,81.25,77.1,80.05,514433,EQ,5121.0,100.46,269969.0
2021-09-20,79.5,80.0,77.2,77.4,193489,EQ,3175.0,60.94,113943.0
2021-09-21,77.8,78.5,73.6,76.85,376422,EQ,4965.0,75.82,167708.0
2021-09-22,78.9,78.9,76.4,76.7,219572,EQ,2835.0,77.45,111701.0
2021-09-23,77.95,79.15,77.1,77.4,271078,EQ,2904.0,93.35,112461.0
2021-09-24,77.1,79.8,76.3,76.55,184631,EQ,2627.0,70.28,100768.0
2021-09-27,77.0,77.95,75.0,76.4,244141,EQ,3970.0,61.5,120814.0
2021-09-28,76.55,79.25,76.35,76.8,346470,EQ,4356.0,79.54,140600.0
2021-09-29,76.9,77.95,76.25,77.1,264377,EQ,3340.0,79.15,122622.0
2021-09-30,77.4,78.7,75.5,76.4,209899,EQ,3052.0,68.77,109656.0
2021-10-01,76.45,80.5,76.4,79.75,504566,EQ,5699.0,88.54,230567.0
2021-10-04,80.8,82.35,80.8,81.85,795530,EQ,7688.0,103.48,436971.0
2021-10-05,82.2,82.3,80.35,80.8,314716,EQ,4382.0,71.82,189679.0
2021-10-06,81.3,82.1,78.8,79.1,286845,EQ,3723.0,77.05,171381.0
2021-10-07,79.95,80.8,79.25,79.7,234886,EQ,2870.0,81.84,135006.0
2021-10-08,80.5,81.75,79.7,80.4,355734,EQ,4396.0,80.92,158526.0
2021-10-11,80.8,85.35,80.4,83.25,818717,EQ,10883.0,75.23,393292.0
2021-10-12,83.0,88.75,83.0,87.85,1673638,EQ,18683.0,89.58,780255.0
2021-10-13,88.7,89.5,86.0,86.55,1045237,EQ,12675.0,82.46,415472.0
2021-10-14,87.1,87.45,86.0,86.55,444438,EQ,5757.0,77.2,245513.0
2021-10-18,87.0,88.5,85.7,86.1,523196,EQ,5639.0,92.78,304327.0
2021-10-19,86.65,86.9,81.75,82.4,443230,EQ,6090.0,72.78,247267.0
2021-10-20,83.0,84.0,80.5,81.45,435751,EQ,5911.0,73.72,186578.0
2021-10-21,83.3,90.3,82.1,89.0,1277238,EQ,10159.0,125.72,790506.0
2021-10-22,89.5,89.7,86.0,87.5,642728,EQ,8805.0,73.0,351111.0
2021-10-25,87.55,88.4,82.0,83.85,530441,EQ,8273.0,64.12,214675.0
2021-10-26,84.05,86.25,83.3,85.6,253472,EQ,3317.0,76.42,108538.0
2021-10-27,85.5,88.8,82.8,83.75,549893,EQ,7167.0,76.73,206395.0
2021-10-28,84.7,85.0,81.4,81.85,226882,EQ,3645.0,62.24,119935.0
2021-10-29,82.0,83.2,79.0,80.85,332258,EQ,6358.0,52.26,114680.0
2021-11-01,81.2,83.55,79.85,81.1,258995,EQ,5012.0,51.67,122620.0
2021-11-02,81.25,82.65,80.85,81.4,168271,EQ,2542.0,66.2,84197.0
2021-11-03,81.9,83.1,80.5,80.75,144028,EQ,2376.0,60.62,66226.0
2021-11-04,81.4,82.45,80.75,82.05,92829,EQ,2376.0,39.07,66226.0
2021-11-08,82.6,82.6,80.25,81.1,190316,EQ,3716.0,51.22,107240.0
2021-11-09,81.0,82.5,80.9,81.5,205717,EQ,2964.0,69.41,109055.0
2021-11-10,81.3,82.2,80.5,80.7,187257,EQ,3123.0,59.96,116207.0
2021-11-11,80.6,80.9,79.75,79.95,202951,EQ,3356.0,60.47,109112.0
2021-11-12,80.0,81.55,79.7,79.9,164614,EQ,2203.0,74.72,78872.0
2021-11-15,80.4,80.4,77.0,78.05,216932,EQ,3424.0,63.36,123267.0
2021-11-16,78.35,79.0,77.05,78.4,138055,EQ,2355.0,58.62,81792.0
2021-11-17,78.15,78.75,77.5,78.0,132803,EQ,2389.0,55.59,79508.0
2021-11-18,78.4,78.4,76.1,76.8,176612,EQ,2805.0,62.96,94539.0
2021-11-22,76.8,76.8,72.6,73.25,316198,EQ,5564.0,56.83,170607.0
2021-11-23,72.0,76.7,72.0,75.6,157064,EQ,3361.0,46.73,71338.0
2021-11-24,76.3,77.9,74.55,75.75,235846,EQ,4350.0,54.22,76545.0
2021-11-25,75.45,76.05,74.2,74.65,122544,EQ,2336.0,52.46,73905.0
2021-11-26,74.25,74.65,72.4,72.7,204689,EQ,4702.0,43.53,121984.0
2021-11-29,71.2,72.35,65.65,68.65,519130,EQ,10807.0,48.04,201256.0
2021-11-30,67.4,73.95,67.4,71.3,298075,EQ,6991.0,42.64,96656.0
2021-12-01,72.8,75.0,72.1,74.35,284801,EQ,4937.0,57.69,146517.0
2021-12-02,75.0,76.1,73.1,74.05,266163,EQ,6441.0,41.32,114151.0
2021-12-03,74.7,75.3,73.4,73.8,138003,EQ,2716.0,50.81,72449.0
2021-12-06,74.6,74.6,72.05,72.25,120636,EQ,2488.0,48.49,56324.0
2021-12-07,74.0,74.0,72.45,72.85,101550,EQ,1943.0,52.26,57809.0
2021-12-08,73.55,73.95,73.1,73.3,121408,EQ,1648.0,73.67,83599.0
2021-12-09,74.0,74.9,72.6,73.6,253207,EQ,2933.0,86.33,129525.0
2021-12-10,74.25,74.5,73.25,74.1,154490,EQ,1993.0,77.52,80226.0
2021-12-13,75.0,75.5,74.05,74.3,119794,EQ,1774.0,67.53,72058.0
2021-12-14,73.9,75.25,73.4,74.65,171116,EQ,2677.0,63.92,74202.0
2021-12-15,75.1,77.2,74.25,75.3,254421,EQ,4928.0,51.63,107956.0
2021-12-16,75.1,76.25,72.95,73.4,228708,EQ,3602.0,63.49,86377.0
2021-12-17,74.9,74.9,72.25,72.4,120498,EQ,2367.0,50.91,66756.0
2021-12-20,71.0,72.0,68.0,69.05,254819,EQ,4911.0,51.89,137085.0
2021-12-21,70.45,71.35,69.45,70.0,130581,EQ,2561.0,50.99,60573.0
2021-12-22,70.8,72.5,70.5,71.1,127813,EQ,2633.0,48.54,55186.0
2021-12-23,72.45,72.85,71.45,72.15,109845,EQ,1748.0,62.84,54175.0
2021-12-24,73.5,73.5,71.25,71.5,72784,EQ,1447.0,50.3,33911.0
2021-12-27,70.35,71.55,70.35,71.2,79277,EQ,1572.0,50.43,44222.0
2021-12-28,71.2,73.0,71.2,72.2,136873,EQ,2298.0,59.56,70647.0
2021-12-29,72.1,73.0,69.7,71.65,189888,EQ,2244.0,84.62,93565.0
2021-12-30,72.3,79.45,72.0,77.25,1401924,EQ,16483.0,85.05,387070.0
2021-12-31,77.25,77.4,74.6,75.25,294109,EQ,5414.0,54.32,137578.0
2022-01-03,76.5,76.95,75.5,76.0,217240,EQ,3627.0,59.9,113587.0
2022-01-04,76.4,76.95,75.8,76.05,177165,EQ,1906.0,92.95,101231.0
2022-01-05,76.45,79.0,75.8,76.55,394971,EQ,4530.0,87.19,170760.0
2022-01-06,76.2,78.0,75.3,77.05,246347,EQ,3663.0,67.25,102082.0
2022-01-07,78.0,79.0,77.2,78.5,344437,EQ,3433.0,100.33,191015.0
2022-01-10,79.15,81.75,78.8,81.2,636914,EQ,7167.0,88.87,324987.0
2022-01-11,81.6,81.6,79.4,80.85,294891,EQ,3727.0,79.12,146424.0
2022-01-12,81.0,81.3,78.7,79.1,197653,EQ,3490.0,56.63,104233.0
2022-01-13,79.7,85.0,78.85,82.5,781489,EQ,9302.0,84.01,383329.0
2022-01-14,82.0,83.3,81.65,82.75,288954,EQ,4184.0,69.06,154741.0
2022-01-17,83.2,85.0,82.85,83.75,382104,EQ,5370.0,71.16,204061.0
2022-01-18,84.4,86.25,81.8,82.55,488338,EQ,6156.0,79.33,242384.0
2022-01-19,82.25,83.9,80.4,83.0,254198,EQ,4845.0,52.47,111329.0
2022-01-20,83.6,85.25,82.8,84.4,329834,EQ,4732.0,69.7,178664.0
2022-01-21,84.0,86.9,82.4,84.25,635820,EQ,8813.0,72.15,287010.0
2022-01-24,84.25,85.0,75.05,77.45,687248,EQ,11413.0,60.22,357072.0
2022-01-25,75.0,79.75,74.7,79.55,188871,EQ,4251.0,44.43,86231.0
2022-01-27,78.9,81.4,77.2,80.8,292435,EQ,4555.0,64.2,118768.0
2022-01-28,81.45,83.9,81.05,81.7,273865,EQ,4878.0,56.14,140730.0
2022-01-31,81.0,87.4,76.6,79.6,2723448,EQ,36315.0,75.0,710793.0
2022-02-01,80.6,83.3,78.2,81.1,724666,EQ,8826.0,82.11,193349.0
2022-02-02,81.3,83.45,80.8,81.65,471544,EQ,4958.0,95.11,213069.0
2022-02-03,81.65,82.4,79.8,80.3,281238,EQ,3409.0,82.5,140698.0
2022-02-04,80.0,80.8,78.6,78.8,191075,EQ,2724.0,70.15,98557.0
2022-02-07,78.95,81.7,78.15,79.95,453180,EQ,5298.0,85.54,163867.0
2022-02-08,79.2,79.9,76.9,77.55,247363,EQ,3171.0,78.01,133363.0
2022-02-09,77.95,78.8,77.3,77.95,146554,EQ,2171.0,67.51,64782.0
2022-02-10,77.8,82.4,77.35,80.3,655701,EQ,8223.0,79.74,226499.0
2022-02-11,78.75,79.8,78.0,78.3,252909,EQ,3586.0,70.53,137897.0
2022-02-14,77.05,77.15,73.6,74.1,367854,EQ,4427.0,83.09,219998.0
2022-02-15,75.6,75.7,72.8,74.75,480013,EQ,7667.0,62.61,280146.0
2022-02-16,75.9,76.55,74.5,74.75,223524,EQ,3010.0,74.26,118203.0
2022-02-17,75.2,75.3,72.0,72.55,165497,EQ,2604.0,63.55,108613.0
2022-02-18,72.4,72.95,71.0,71.3,281974,EQ,3756.0,75.07,170084.0
2022-02-21,69.55,70.5,67.3,67.95,272185,EQ,4124.0,66.0,168598.0
2022-02-22,64.0,67.8,64.0,66.85,330233,EQ,5900.0,55.97,167129.0
2022-02-23,67.0,69.9,67.0,68.3,416177,EQ,5180.0,80.34,247355.0
2022-02-24,67.0,67.0,62.0,63.1,450493,EQ,6684.0,67.4,244503.0
2022-02-25,65.4,66.7,64.05,65.6,316767,EQ,6065.0,52.23,183767.0
2022-02-28,65.95,65.95,63.2,64.35,278531,EQ,4089.0,68.12,145218.0
2022-03-02,65.0,65.0,63.5,64.0,195072,EQ,2709.0,72.01,114045.0
2022-03-03,64.05,64.75,64.05,64.45,211789,EQ,2009.0,105.42,132261.0
2022-03-04,63.85,64.25,62.0,62.35,238841,EQ,3670.0,65.08,159681.0
2022-03-07,61.5,62.3,60.0,61.2,289684,EQ,,,
2022-03-08,62.4,63.0,60.5,61.3,207349,EQ,2565.0,80.84,129840.0
2022-03-09,62.8,64.55,61.5,62.85,428518,EQ,4298.0,99.7,253066.0
2022-03-10,63.85,63.85,63.0,63.15,277612,EQ,2804.0,99.01,165131.0
2022-03-11,63.5,64.0,62.1,62.95,213950,EQ,2768.0,77.29,118293.0
2022-03-14,63.0,63.0,61.2,61.8,468918,EQ,4674.0,100.32,202088.0
2022-03-15,62.75,62.75,60.55,61.05,258723,EQ,3205.0,80.72,158047.0
2022-03-16,62.95,63.85,61.85,63.15,560900,EQ,5112.0,109.72,365146.0
2022-03-17,63.3,64.85,63.0,63.6,694178,EQ,6231.0,111.41,299816.0
2022-03-21,63.6,64.3,61.95,62.4,614917,EQ,5205.0,118.14,406996.0
2022-03-22,63.0,63.2,61.1,61.95,371747,EQ,4277.0,86.92,198339.0
2022-03-23,62.0,62.75,61.4,61.55,281483,EQ,2721.0,103.45,182188.0
2022-03-24,61.45,62.35,60.1,60.35,405204,EQ,4528.0,89.49,259457.0
2022-03-25,61.4,62.45,60.35,60.65,560937,EQ,5198.0,107.91,356890.0
2022-03-28,61.8,61.8,58.55,58.85,657835,EQ,4471.0,147.13,502001.0
2022-03-29,59.0,59.4,57.0,57.8,636790,EQ,5090.0,125.11,462744.0
2022-03-30,59.35,60.0,58.15,58.35,831636,EQ,6554.0,126.89,454824.0
2022-03-31,58.6,64.3,58.6,62.5,1343365,EQ,11849.0,113.37,371926.0
2022-04-01,63.0,65.9,62.6,65.2,933775,EQ,7025.0,132.92,373759.0
2022-04-04,65.7,66.45,65.2,66.05,510078,EQ,4725.0,107.95,240482.0
2022-04-05,66.3,68.0,65.65,66.75,586874,EQ,4942.0,118.75,231721.0
2022-04-06,66.4,68.1,66.2,67.75,568441,EQ,5673.0,100.2,161973.0
2022-04-07,68.45,69.9,67.65,68.4,511368,EQ,4898.0,104.4,214449.0
2022-04-08,68.95,70.2,68.1,69.2,639137,EQ,5763.0,110.9,260644.0
2022-04-11,69.7,70.6,69.0,70.15,691254,EQ,6227.0,111.01,200529.0
2022-04-12,70.3,70.5,67.7,68.7,672523,EQ,6993.0,96.17,169691.0
2022-04-13,69.45,70.15,69.0,69.85,557062,EQ,5178.0,107.58,137545.0
2022-04-18,69.5,69.5,66.9,67.5,371566,EQ,5329.0,69.73,159995.0
2022-04-19,67.5,69.4,64.8,66.85,537902,EQ,5943.0,90.51,164050.0
2022-04-20,67.85,70.5,66.8,69.55,1183527,EQ,9150.0,129.35,396731.0
2022-04-21,70.5,71.3,67.45,69.25,611205,EQ,5239.0,116.66,225630.0
2022-04-22,68.85,70.35,68.0,69.45,611800,EQ,6249.0,97.9,153025.0
2022-04-25,68.0,68.55,67.1,67.55,662166,EQ,6952.0,95.25,103935.0
2022-04-26,68.25,68.75,67.4,67.75,462544,EQ,5381.0,85.96,114665.0
2022-04-27,68.05,71.9,68.0,69.5,1403215,EQ,11263.0,124.59,304271.0
2022-04-28,71.6,71.6,66.95,67.55,582512,EQ,5071.0,114.87,182476.0
2022-04-29,68.3,68.55,65.05,65.75,650997,EQ,5392.0,120.73,283706.0
2022-05-02,64.0,65.0,63.65,64.0,465862,EQ,4284.0,108.74,191157.0
2022-05-04,66.0,67.45,62.6,63.5,534810,EQ,7628.0,70.11,189936.0
2022-05-05,64.0,64.0,59.4,59.9,1013133,EQ,11428.0,88.65,473812.0
2022-05-06,59.45,59.45,58.5,58.95,342670,EQ,3896.0,87.95,174241.0
2022-05-09,58.5,58.85,56.1,57.2,441068,EQ,6634.0,66.49,171512.0
2022-05-10,57.95,58.25,55.8,56.5,278140,EQ,3509.0,79.26,159604.0
2022-05-12,53.5,53.5,51.95,52.5,270773,EQ,3866.0,70.04,132817.0
2022-05-13,53.2,54.3,53.2,53.6,287866,EQ,3915.0,73.53,161635.0
2022-05-16,54.4,54.65,52.6,52.95,347378,EQ,4438.0,78.27,145375.0
2022-05-17,54.05,54.2,52.4,53.3,667064,EQ,5807.0,114.87,443050.0
2022-05-18,54.15,57.35,53.2,53.6,1091448,EQ,8093.0,134.86,499808.0
2022-05-19,52.6,53.25,51.6,52.05,388249,EQ,3865.0,100.45,224635.0
2022-05-20,53.7,53.7,50.8,51.25,760929,EQ,7217.0,105.44,395997.0
2022-05-23,51.95,52.05,50.65,51.0,471060,EQ,4331.0,108.76,287926.0
2022-05-24,51.65,51.65,50.3,50.8,178444,EQ,1872.0,95.32,100990.0
2022-05-25,51.0,51.45,49.7,50.0,295476,EQ,2755.0,107.25,166425.0
2022-05-26,50.45,50.7,48.7,49.85,267660,EQ,3114.0,85.95,146963.0
2022-05-27,50.65,51.2,49.7,50.05,264947,EQ,3796.0,69.8,134840.0
2022-05-30,51.05,51.2,49.75,49.9,494734,EQ,4356.0,113.58,320543.0
2022-05-31,50.4,50.9,49.7,50.1,494165,EQ,4461.0,110.77,306550.0
2022-06-01,50.25,50.7,49.8,50.2,485986,EQ,2453.0,198.12,314034.0
2022-06-02,50.3,50.85,49.85,50.0,534691,EQ,2390.0,223.72,287656.0
2022-06-03,50.75,50.75,49.85,50.05,450461,EQ,2481.0,181.56,274858.0
2022-06-06,50.2,50.3,49.15,49.65,136958,EQ,1562.0,87.68,80702.0
2022-06-07,50.0,50.0,49.35,49.7,71846,EQ,1017.0,70.65,41340.0
2022-06-08,50.15,50.15,48.75,49.15,265813,EQ,3611.0,73.61,194106.0
2022-06-09,49.05,49.35,48.8,49.05,104211,EQ,1354.0,76.97,77422.0
2022-06-10,48.75,49.25,48.7,48.95,136998,EQ,4125.0,33.21,94951.0
2022-06-13,48.5,49.0,47.05,47.4,357160,EQ,3137.0,113.85,223631.0
2022-06-14,47.3,49.0,47.0,48.8,154816,EQ,1434.0,107.96,94666.0
2022-06-15,49.6,50.35,48.5,49.85,167693,EQ,1657.0,101.2,105221.0
2022-06-16,50.7,50.7,47.1,47.55,147349,EQ,2295.0,64.2,78454.0
2022-06-17,47.55,48.0,45.5,46.4,238510,EQ,4620.0,51.63,128140.0
2022-06-20,46.8,46.8,43.35,43.8,200408,EQ,2890.0,69.35,145742.0
2022-06-21,44.45,49.5,44.05,47.6,221495,EQ,2559.0,86.56,107407.0
2022-06-22,47.6,48.55,47.0,48.0,195313,EQ,2362.0,82.69,102289.0
2022-06-23,48.05,49.65,48.05,49.0,185934,EQ,3612.0,51.48,93524.0
2022-06-24,49.5,52.75,49.5,51.4,302545,EQ,1967.0,153.81,203269.0
2022-06-27,53.75,53.8,52.0,53.05,454670,EQ,4941.0,92.02,265427.0
2022-06-28,53.8,55.1,53.2,54.85,481345,EQ,5317.0,90.53,292010.0
2022-06-29,54.6,55.4,54.1,55.05,348484,EQ,4596.0,75.82,203719.0
2022-06-30,55.2,55.55,52.55,53.25,470628,EQ,4716.0,99.79,286169.0
2022-07-01,50.95,52.0,49.9,51.4,342707,EQ,3709.0,92.4,120863.0
2022-07-04,50.6,51.85,48.6,49.55,229938,EQ,2758.0,83.37,111200.0
2022-07-05,49.7,50.25,49.45,49.7,147239,EQ,1690.0,87.12,71661.0
2022-07-06,49.7,50.0,49.2,49.85,96032,EQ,1204.0,79.76,52633.0
2022-07-07,49.55,50.7,49.55,50.3,118339,EQ,1167.0,101.4,58952.0
2022-07-08,50.8,51.85,50.35,51.5,186076,EQ,2267.0,82.08,74072.0
2022-07-11,51.7,52.5,51.05,52.2,154473,EQ,1444.0,106.98,79613.0
2022-07-12,52.2,53.0,51.0,51.4,103321,EQ,1326.0,77.92,57820.0
2022-07-13,51.9,52.15,51.2,51.55,70472,EQ,885.0,79.63,43360.0
2022-07-14,51.95,51.95,50.75,51.0,68092,EQ,948.0,71.83,38646.0
2022-07-15,51.85,51.85,44.8,47.9,997786,EQ,8406.0,118.7,375553.0
2022-07-18,48.65,49.65,48.6,49.3,172054,EQ,1477.0,116.49,92961.0
2022-07-19,49.8,50.2,49.6,50.05,129456,EQ,1103.0,117.37,82034.0
2022-07-20,51.45,51.9,50.55,51.4,276491,EQ,2066.0,133.83,148017.0
2022-07-21,51.9,51.9,50.5,50.85,143817,EQ,1464.0,98.24,78067.0
2022-07-22,50.55,51.45,50.55,50.95,157248,EQ,1719.0,91.48,85508.0
2022-07-25,51.1,51.25,50.15,50.35,108807,EQ,1267.0,85.88,62345.0
2022-07-26,50.5,51.7,50.05,50.5,135290,EQ,1303.0,103.83,80884.0
2022-07-27,51.0,51.45,50.0,50.3,98095,EQ,1204.0,81.47,53115.0
2022-07-28,50.95,50.95,50.05,50.15,93058,EQ,1176.0,79.13,56758.0
2022-07-29,50.25,50.75,50.05,50.5,139877,EQ,1500.0,93.25,84418.0
2022-08-01,51.0,52.4,49.9,51.1,590466,EQ,4118.0,143.39,301878.0
2022-08-02,51.7,52.2,50.8,51.45,288195,EQ,2481.0,116.16,164341.0
2022-08-03,49.9,49.9,48.5,49.15,514835,EQ,4521.0,113.88,352487.0
2022-08-04,49.85,49.85,48.2,48.55,260927,EQ,2842.0,91.81,180813.0
2022-08-05,48.6,49.0,48.0,48.8,169174,EQ,1989.0,85.05,94211.0
2022-08-08,48.9,48.9,47.65,48.05,443891,EQ,,,
2022-08-10,48.7,48.7,46.7,46.85,447428,EQ,4980.0,89.84,333491.0
2022-08-11,47.45,47.85,46.75,46.95,345592,EQ,4067.0,84.97,202401.0
2022-08-12,47.2,47.35,46.75,47.0,269941,EQ,2631.0,102.6,193361.0
2022-08-16,47.0,47.3,46.6,46.95,374121,EQ,3064.0,122.1,245153.0
2022-08-17,47.0,47.95,46.9,47.55,503233,EQ,3478.0,144.69,360432.0
2022-08-18,47.75,48.7,47.3,47.4,599284,EQ,4467.0,134.16,365856.0
2022-08-19,47.5,47.75,47.0,47.15,300237,EQ,2780.0,108.0,203371.0
2022-08-22,47.0,47.0,45.2,46.35,431762,EQ,4536.0,95.19,276081.0
2022-08-23,46.3,47.3,45.6,45.95,737642,EQ,4806.0,153.48,492719.0
2022-08-24,46.0,46.65,45.5,45.8,515236,EQ,3720.0,138.5,308814.0
2022-08-25,46.0,47.65,45.8,46.0,921756,EQ,5408.0,170.44,534743.0
2022-08-26,46.55,46.65,45.8,46.05,649758,EQ,4716.0,137.78,378482.0
2022-08-29,45.5,46.1,45.2,45.95,244967,EQ,2508.0,97.67,175142.0
2022-08-30,46.55,46.7,45.8,46.0,742011,EQ,4352.0,170.5,407062.0
2022-09-01,48.9,49.7,46.8,47.25,2126059,EQ,13205.0,161.0,1198358.0
2022-09-02,48.0,48.0,45.9,46.0,1803444,EQ,7576.0,238.05,1231628.0
2022-09-05,46.35,47.0,46.15,46.8,539399,EQ,3932.0,137.18,321105.0
2022-09-06,47.15,47.15,46.25,46.55,485916,EQ,3264.0,148.87,284113.0
2022-09-07,46.5,46.95,46.25,46.65,433855,EQ,3075.0,141.09,234881.0
2022-09-08,47.0,47.9,46.8,47.4,1131063,EQ,6031.0,187.54,658593.0
2022-09-09,47.7,48.0,47.15,47.3,761767,EQ,3813.0,199.78,446543.0
2022-09-12,47.65,47.95,47.25,47.5,550198,EQ,2852.0,192.92,353611.0
2022-09-13,47.6,48.5,47.6,48.1,935779,EQ,4503.0,207.81,626688.0
2022-09-14,47.85,47.9,47.35,47.65,543850,EQ,3310.0,164.31,362611.0
2022-09-15,48.25,55.1,47.85,52.95,4914845,EQ,17280.0,284.42,1968628.0
2022-09-16,52.45,52.8,49.5,50.2,1380467,EQ,6782.0,203.55,668284.0
2022-09-19,49.55,52.35,49.55,51.15,847920,EQ,5822.0,145.64,435380.0
2022-09-20,52.0,53.7,51.6,51.95,1125445,EQ,6332.0,177.74,571639.0
2022-09-21,51.8,52.8,50.45,50.9,508758,EQ,3405.0,149.41,250455.0
2022-09-22,50.4,51.85,50.15,51.0,414747,EQ,2515.0,164.91,208687.0
2022-09-23,51.2,51.6,49.5,49.7,369842,EQ,3201.0,115.54,192101.0
2022-09-26,49.0,49.45,46.85,47.75,481970,EQ,3390.0,142.17,279184.0
2022-09-27,48.15,48.6,47.2,47.7,344532,EQ,2586.0,133.23,108084.0
2022-09-28,47.4,48.25,47.05,47.85,198336,EQ,1458.0,136.03,80294.0
2022-09-29,48.5,50.0,46.4,47.1,365419,EQ,2431.0,150.32,209347.0
2022-09-30,47.1,48.0,46.8,47.1,283372,EQ,2226.0,127.3,129684.0
2022-10-03,47.55,48.15,47.0,47.05,199037,EQ,2037.0,97.71,94609.0
2022-10-04,47.8,48.6,47.3,48.05,372201,EQ,2544.0,146.31,220629.0
2022-10-06,48.9,50.2,48.5,49.65,489521,EQ,4085.0,119.83,259067.0
2022-10-07,50.0,51.0,49.7,50.7,466808,EQ,3361.0,138.89,232710.0
2022-10-10,52.0,52.05,49.5,50.0,569960,EQ,4937.0,115.45,207304.0
2022-10-11,49.55,50.4,48.0,48.85,513172,EQ,5475.0,93.73,131543.0
2022-10-12,49.25,49.5,47.6,48.7,396585,EQ,4419.0,89.75,121090.0
2022-10-13,48.6,49.85,48.1,49.25,459078,EQ,4762.0,96.4,132307.0
2022-10-14,50.0,50.6,48.9,49.05,294507,EQ,2515.0,117.1,134361.0
2022-10-17,49.0,49.4,48.25,48.7,210230,EQ,2530.0,83.09,78496.0
2022-10-18,48.7,49.4,48.15,48.25,252771,EQ,2476.0,102.09,140520.0
2022-10-19,48.95,48.95,47.6,47.9,202923,EQ,2765.0,73.39,132098.0
2022-10-20,47.5,47.85,45.7,46.0,911897,EQ,5199.0,175.4,703735.0
2022-10-21,46.25,48.1,46.25,46.75,245365,EQ,3117.0,78.72,123470.0
2022-10-24,47.1,47.45,46.75,47.3,86679,EQ,1219.0,71.11,65015.0
2022-10-25,47.5,47.6,47.0,47.25,130975,EQ,1811.0,72.32,75301.0
2022-10-27,47.3,49.65,47.25,48.9,557639,EQ,3341.0,166.91,344073.0
2022-10-28,49.1,49.1,48.2,48.35,115173,EQ,1719.0,67.0,65063.0
2022-10-31,47.45,48.25,47.45,47.9,286748,EQ,2281.0,125.71,138571.0
2022-11-01,49.25,49.25,47.5,48.55,202822,EQ,1986.0,102.13,96108.0
2022-11-02,48.2,48.2,46.5,46.85,622175,EQ,3478.0,178.89,410157.0
2022-11-03,47.15,47.7,46.8,47.05,308165,EQ,2727.0,113.01,192409.0
2022-11-04,47.4,47.8,46.8,47.0,265161,EQ,2165.0,122.48,161324.0
2022-11-07,47.2,47.45,46.35,46.45,760211,EQ,4093.0,185.73,549823.0
2022-11-09,46.85,48.0,46.4,46.55,373646,EQ,2743.0,136.22,264430.0
2022-11-10,46.45,46.75,46.0,46.25,323095,EQ,2070.0,156.08,247338.0
2022-11-11,47.0,47.15,46.1,46.4,284339,EQ,2216.0,128.31,202603.0
2022-11-14,46.85,46.85,45.6,46.15,331818,EQ,3605.0,92.04,232692.0
2022-11-15,46.05,46.7,46.0,46.25,229910,EQ,3605.0,63.78,232692.0
2022-11-16,46.25,46.85,45.4,45.7,414176,EQ,3665.0,113.01,249164.0
2022-11-17,45.8,46.35,45.55,46.1,191767,EQ,1658.0,115.66,125259.0
2022-11-18,45.8,46.0,45.7,45.85,148816,EQ,1380.0,107.84,89873.0
2022-11-21,45.9,47.65,45.85,46.95,699364,EQ,5672.0,123.3,413239.0
2022-11-22,47.05,48.0,46.55,46.75,383925,EQ,3918.0,97.99,233892.0
2022-11-23,46.75,47.1,45.05,46.4,327980,EQ,3927.0,83.52,207118.0
2022-11-24,46.85,46.95,46.15,46.6,285146,EQ,3400.0,83.87,162738.0
2022-11-25,46.9,46.95,46.45,46.8,213066,EQ,2787.0,76.45,144913.0
2022-11-28,46.8,47.6,46.6,47.15,475276,EQ,4561.0,104.2,301656.0
2022-11-29,47.35,47.55,46.75,47.05,404894,EQ,4679.0,86.53,229658.0
2022-11-30,47.1,48.3,46.85,47.65,755419,EQ,5845.0,129.24,487195.0
2022-12-01,47.9,48.65,47.65,48.1,674954,EQ,3771.0,178.99,372718.0
2022-12-02,48.4,48.4,47.5,47.65,514969,EQ,5092.0,101.13,284737.0
2022-12-05,47.85,49.1,47.85,48.05,917404,EQ,6233.0,147.18,556210.0
2022-12-06,47.9,48.35,47.75,48.2,355967,EQ,2027.0,175.61,243937.0
2022-12-07,48.25,48.3,47.1,47.2,394294,EQ,3396.0,116.11,258282.0
2022-12-08,47.9,48.2,47.2,47.5,355038,EQ,2757.0,128.78,212901.0
2022-12-09,47.9,48.0,46.8,47.0,495410,EQ,4855.0,102.04,339945.0
2022-12-12,47.15,47.2,46.7,46.95,274123,EQ,2947.0,93.02,211472.0
2022-12-13,46.8,48.0,46.8,47.4,641885,EQ,4357.0,147.32,398596.0
2022-12-14,47.6,50.2,47.45,48.65,1981914,EQ,10289.0,192.62,1123056.0
2022-12-15,48.8,49.9,48.6,48.75,933058,EQ,4073.0,229.08,532185.0
2022-12-16,48.6,48.9,47.75,48.05,383953,EQ,2577.0,148.99,189478.0
2022-12-19,48.05,48.9,47.8,48.65,253920,EQ,1743.0,145.68,112563.0
2022-12-20,48.1,48.7,47.85,48.15,266635,EQ,2040.0,130.7,143056.0
2022-12-21,48.1,48.6,46.7,47.0,433954,EQ,3935.0,110.28,295027.0
2022-12-22,47.05,47.5,46.0,46.45,570705,EQ,3103.0,183.92,363571.0
2022-12-23,46.4,46.4,44.05,44.3,559082,EQ,3854.0,145.07,423863.0
2022-12-26,44.3,46.1,44.25,45.75,277064,EQ,2295.0,120.73,154948.0
2022-12-27,46.35,47.75,45.8,47.25,339187,EQ,1982.0,171.13,171418.0
2022-12-28,47.6,47.8,47.05,47.3,202987,EQ,1579.0,128.55,119001.0
2022-12-29,47.25,47.6,46.6,47.35,115398,EQ,1146.0,100.7,61460.0
2022-12-30,47.85,47.85,47.1,47.3,161534,EQ,1335.0,121.0,100613.0
2023-01-02,47.7,47.95,47.2,47.3,173205,EQ,1355.0,127.83,88341.0
2023-01-03,47.85,48.25,47.5,47.95,272638,EQ,3111.0,87.64,153603.0
2023-01-04,48.3,48.8,47.6,48.05,287065,EQ,3778.0,75.98,152530.0
2023-01-05,48.5,48.5,47.4,47.7,162687,EQ,1261.0,129.01,88896.0
2023-01-06,48.0,48.0,46.8,47.15,166459,EQ,1598.0,104.17,86551.0
2023-01-09,47.5,47.65,47.05,47.15,110995,EQ,2699.0,41.12,65358.0
2023-01-10,47.45,51.5,46.8,49.8,1865613,EQ,9714.0,192.05,450187.0
2023-01-11,50.1,50.7,48.25,48.95,578277,EQ,4183.0,138.24,265791.0
2023-01-12,49.45,49.45,48.5,48.9,369075,EQ,2954.0,124.94,184288.0
2023-01-13,49.25,49.7,48.2,48.7,371659,EQ,3186.0,116.65,179599.0
2023-01-16,49.0,49.5,48.9,49.0,294594,EQ,2460.0,119.75,182427.0
2023-01-17,49.5,49.75,48.1,48.65,365215,EQ,3331.0,109.64,151637.0
2023-01-18,48.9,49.4,48.55,48.85,165197,EQ,1419.0,116.42,103175.0
2023-01-19,48.8,49.0,48.5,48.6,123771,EQ,1168.0,105.97,68681.0
2023-01-20,48.55,50.4,48.25,49.45,439310,EQ,3112.0,141.17,232726.0
2023-01-23,49.6,49.75,48.55,48.75,205756,EQ,3165.0,65.01,118606.0
2023-01-24,48.75,49.45,47.1,47.7,335482,EQ,2848.0,117.8,201919.0
2023-01-25,47.0,47.0,45.65,46.2,376943,EQ,3311.0,113.85,218560.0
2023-01-27,46.2,46.2,45.0,45.8,372617,EQ,3435.0,108.48,271982.0
2023-01-30,46.65,46.65,45.6,45.9,138774,EQ,1851.0,74.97,77532.0
2023-01-31,46.0,46.2,45.65,46.0,181415,EQ,1738.0,104.38,107866.0
2023-02-01,45.95,46.3,44.7,44.95,354787,EQ,3311.0,107.15,252474.0
2023-02-02,44.7,45.5,44.0,44.45,360345,EQ,3220.0,111.91,211482.0
2023-02-03,44.55,45.0,43.9,44.35,215696,EQ,2325.0,92.77,123277.0
2023-02-06,44.95,45.0,44.1,44.5,221986,EQ,2450.0,90.61,111302.0
2023-02-07,44.8,45.0,44.25,44.4,141490,EQ,1329.0,106.46,99093.0
2023-02-08,44.7,44.95,44.3,44.8,121334,EQ,1176.0,103.18,81116.0
2023-02-09,45.4,45.4,44.6,45.1,87789,EQ,1124.0,78.1,49302.0
2023-02-10,45.2,45.55,44.9,45.1,114039,EQ,1147.0,99.42,67533.0
2023-02-13,45.4,45.65,44.65,45.25,78912,EQ,1088.0,72.53,47811.0
2023-02-14,45.5,45.65,44.65,44.8,99700,EQ,2708.0,36.82,68117.0
2023-02-15,44.7,45.35,44.55,45.05,188595,EQ,1328.0,142.01,146763.0
2023-02-16,45.05,45.85,44.5,45.2,291648,EQ,3333.0,87.5,208520.0
2023-02-17,45.2,45.35,44.7,45.0,259750,EQ,1044.0,248.8,223858.0
2023-02-20,45.0,45.2,44.55,44.95,132163,EQ,1103.0,119.82,81643.0
2023-02-21,45.4,45.4,44.7,45.0,168290,EQ,2964.0,56.78,98911.0
2023-02-22,44.95,45.0,44.55,44.6,104995,EQ,1022.0,102.73,78641.0
2023-02-23,45.0,46.15,44.4,45.7,217300,EQ,2479.0,87.66,126311.0
2023-02-24,46.0,46.0,44.15,44.4,170648,EQ,3656.0,46.68,106517.0
2023-02-27,44.85,44.85,44.05,44.3,107536,EQ,1233.0,87.21,71078.0
2023-02-28,44.2,44.65,44.05,44.25,109292,EQ,2639.0,41.41,64416.0
2023-03-01,46.0,46.0,44.85,45.55,261630,EQ,2674.0,97.84,146828.0
2023-03-02,45.65,45.7,44.5,44.75,250788,EQ,3313.0,75.7,165305.0
2023-03-03,45.0,45.65,44.7,45.35,304131,EQ,1459.0,208.45,191375.0
2023-03-06,45.5,45.7,44.75,44.85,212290,EQ,1667.0,127.35,152584.0
2023-03-08,44.9,45.25,44.6,45.0,138721,EQ,1044.0,132.87,84239.0
2023-03-09,45.2,45.2,44.65,44.75,199062,EQ,1104.0,180.31,149297.0
2023-03-10,44.65,45.2,44.4,44.9,226182,EQ,2770.0,81.65,164189.0
2023-03-13,44.65,45.0,43.9,44.05,231972,EQ,1756.0,132.1,148471.0
2023-03-14,44.5,44.6,43.4,43.5,275927,EQ,3064.0,90.05,192909.0
2023-03-15,43.7,44.6,43.55,43.75,158028,EQ,2287.0,69.1,91091.0
2023-03-16,43.75,43.75,42.55,42.9,217353,EQ,3183.0,68.29,147725.0
2023-03-17,43.55,43.65,42.7,42.9,133351,EQ,1167.0,114.27,79248.0
2023-03-20,50.5,50.5,41.55,42.2,339965,EQ,3300.0,103.02,185371.0
2023-03-21,42.45,42.95,42.0,42.2,146165,EQ,1877.0,77.87,88129.0
2023-03-22,42.4,42.6,41.9,42.1,298702,EQ,2464.0,121.23,130144.0
2023-03-23,42.25,42.6,41.9,42.1,210096,EQ,1697.0,123.8,69813.0
2023-03-24,42.1,42.45,41.7,41.8,188968,EQ,1432.0,131.96,86186.0
2023-03-27,42.0,42.1,39.85,40.1,437381,EQ,5068.0,86.3,296801.0
2023-03-28,40.1,40.25,39.6,39.75,279924,EQ,1579.0,177.28,182481.0
2023-03-29,39.65,39.85,39.15,39.6,430958,EQ,2733.0,157.69,304083.0
2023-03-31,39.95,40.95,39.7,39.9,389181,EQ,3536.0,110.06,258389.0
2023-04-03,40.9,42.65,40.45,42.4,345284,EQ,3038.0,113.66,145010.0
2023-04-05,42.85,43.45,42.6,43.35,165420,EQ,1492.0,110.87,96079.0
2023-04-06,43.75,43.9,43.05,43.4,121581,EQ,1460.0,83.27,74120.0
2023-04-10,43.9,43.9,43.1,43.3,94215,EQ,1420.0,66.35,57701.0
2023-04-11,43.3,43.5,41.8,42.0,302256,EQ,2785.0,108.53,185827.0
2023-04-12,42.4,42.65,42.0,42.35,164253,EQ,1579.0,104.02,97357.0
2023-04-13,42.75,42.85,42.1,42.4,94909,EQ,1302.0,72.89,48512.0
2023-04-17,42.8,42.9,42.1,42.7,115764,EQ,1422.0,81.41,69930.0
2023-04-18,42.7,43.5,42.7,43.05,149846,EQ,1569.0,95.5,97764.0
2023-04-19,43.05,43.45,42.8,43.1,87488,EQ,1457.0,60.05,55932.0
2023-04-20,43.4,44.6,43.2,44.2,280018,EQ,2043.0,137.06,177103.0
2023-04-21,44.5,44.5,43.1,43.85,115242,EQ,1091.0,105.63,68020.0
2023-04-24,43.8,43.95,42.5,42.7,372642,EQ,3553.0,104.88,232037.0
2023-04-25,42.95,43.45,42.95,43.35,165329,EQ,1439.0,114.89,103649.0
2023-04-26,43.5,44.35,43.45,44.15,250356,EQ,1627.0,153.88,163029.0
2023-04-27,44.4,44.6,44.0,44.25,197671,EQ,1453.0,136.04,127866.0
2023-04-28,44.35,45.1,44.15,44.9,222560,EQ,1873.0,118.83,142109.0
2023-05-02,44.5,44.9,43.6,44.1,369670,EQ,2448.0,151.01,229204.0
2023-05-03,44.1,44.9,43.85,44.05,180069,EQ,1534.0,117.39,119409.0
2023-05-04,44.15,44.7,44.0,44.2,150436,EQ,1605.0,93.73,88923.0
2023-05-05,44.1,44.6,43.35,43.75,265709,EQ,1840.0,144.41,118804.0
2023-05-08,44.0,44.0,43.35,43.75,204647,EQ,1441.0,142.02,132544.0
2023-05-09,43.85,43.95,43.35,43.55,194550,EQ,1601.0,121.52,120230.0
2023-05-10,44.0,44.4,43.4,43.7,162365,EQ,2970.0,54.67,105186.0
2023-05-11,43.95,44.85,43.6,44.3,334655,EQ,4432.0,75.51,182896.0
2023-05-12,44.3,44.55,43.4,43.55,193301,EQ,1804.0,107.15,131831.0
2023-05-15,43.55,43.95,41.8,42.85,317791,EQ,8247.0,38.53,189625.0
2023-05-16,43.15,43.45,42.5,42.8,221676,EQ,3893.0,56.94,151513.0
2023-05-17,42.9,43.15,42.3,42.5,300385,EQ,3922.0,76.59,217652.0
2023-05-18,42.7,43.25,42.5,42.55,137217,EQ,1088.0,126.12,73766.0
2023-05-19,42.75,43.2,42.6,42.8,126570,EQ,924.0,136.98,63712.0
2023-05-22,43.15,43.15,42.55,42.65,82863,EQ,999.0,82.95,45760.0
2023-05-23,42.8,43.15,42.25,42.45,182186,EQ,1260.0,144.59,109049.0
2023-05-24,42.6,43.1,42.5,42.6,98268,EQ,934.0,105.21,58597.0
2023-05-25,42.95,43.0,42.5,42.85,110721,EQ,732.0,151.26,67261.0
2023-05-26,43.3,43.3,42.75,42.95,135947,EQ,966.0,140.73,82854.0
2023-05-29,43.0,43.45,42.8,42.9,194010,EQ,1286.0,150.86,131217.0
2023-05-30,43.45,43.45,42.8,42.95,113380,EQ,807.0,140.5,65397.0
2023-05-31,43.1,43.25,42.7,42.8,130817,EQ,853.0,153.36,84809.0
2023-06-01,42.8,43.85,42.8,43.45,251809,EQ,1616.0,155.82,168610.0
2023-06-02,43.8,44.0,43.45,43.7,200391,EQ,1267.0,158.16,113538.0
2023-06-05,44.0,44.9,43.75,44.5,513436,EQ,3838.0,133.78,228078.0
2023-06-06,44.65,45.0,44.2,44.7,308762,EQ,1987.0,155.39,168896.0
2023-06-07,44.7,45.55,44.7,45.0,393595,EQ,2379.0,165.45,229501.0
2023-06-08,44.75,45.8,44.4,44.85,384867,EQ,2497.0,154.13,219010.0
2023-06-09,44.2,45.4,44.2,44.4,245864,EQ,2561.0,96.0,113439.0
2023-06-12,44.95,44.95,44.35,44.5,128824,EQ,1245.0,103.47,74738.0
2023-06-13,44.5,45.8,44.5,45.3,372961,EQ,2077.0,179.57,204559.0
2023-06-14,45.4,46.4,45.1,45.2,528285,EQ,3174.0,166.44,219806.0
2023-06-15,45.5,45.65,44.8,44.95,176442,EQ,1354.0,130.31,111020.0
2023-06-16,44.95,45.55,44.95,45.15,210397,EQ,1429.0,147.23,127284.0
2023-06-19,45.75,45.75,45.3,45.45,287676,EQ,1357.0,211.99,167844.0
2023-06-20,45.1,45.75,44.55,45.3,222621,EQ,1561.0,142.61,143559.0
2023-06-21,45.3,46.9,45.2,46.7,1003551,EQ,4751.0,211.23,576681.0
2023-06-22,47.0,48.3,46.65,47.8,1133335,EQ,5977.0,189.62,641769.0
2023-06-23,48.0,48.45,46.2,47.05,839170,EQ,4114.0,203.98,349302.0
2023-06-26,47.45,48.4,46.9,47.55,665638,EQ,3354.0,198.46,348941.0
2023-06-27,47.6,49.0,47.6,47.95,715785,EQ,3416.0,209.54,376733.0
2023-06-28,48.4,48.45,47.4,47.65,328332,EQ,2356.0,139.36,171408.0
2023-06-30,48.0,49.45,48.0,49.0,1178998,EQ,4715.0,250.05,694424.0
2023-07-03,48.65,49.15,48.15,48.8,740455,EQ,3356.0,220.64,407493.0
2023-07-04,48.8,49.05,47.5,47.7,453147,EQ,2918.0,155.29,239198.0
2023-07-05,47.85,48.2,47.55,47.75,254986,EQ,1730.0,147.39,144640.0
2023-07-06,47.75,48.7,47.7,47.8,449386,EQ,2517.0,178.54,296061.0
2023-07-07,48.0,48.1,46.7,46.85,489868,EQ,2648.0,185.0,328742.0
2023-07-10,47.15,47.15,46.1,46.25,258117,EQ,1523.0,169.48,174087.0
2023-07-11,46.7,47.5,46.35,47.35,305487,EQ,1902.0,160.61,186498.0
2023-07-12,47.35,47.65,46.9,47.0,198724,EQ,1402.0,141.74,135641.0
2023-07-13,47.0,47.5,46.25,46.7,216593,EQ,1698.0,127.56,125871.0
2023-07-14,47.0,47.3,45.8,46.55,378820,EQ,2444.0,155.0,190106.0
2023-07-17,46.95,47.2,46.4,46.8,257599,EQ,1968.0,130.89,184969.0
2023-07-18,47.5,47.6,46.2,46.6,208234,EQ,1357.0,153.45,143324.0
2023-07-19,47.05,47.05,46.4,46.85,196660,EQ,1506.0,130.58,115281.0
2023-07-20,47.0,47.05,46.5,46.6,242780,EQ,1446.0,167.9,154596.0
2023-07-21,47.0,47.0,46.45,46.65,206662,EQ,1238.0,166.93,135819.0
2023-07-24,46.7,47.5,46.7,47.05,389696,EQ,1904.0,204.67,263455.0
2023-07-25,47.15,48.0,47.1,47.55,249013,EQ,1596.0,156.02,154685.0
2023-07-26,47.7,48.3,47.4,47.9,314497,EQ,1812.0,173.56,198171.0
2023-07-27,48.0,48.7,46.0,47.25,308110,EQ,1872.0,164.59,208085.0
2023-07-28,47.85,48.15,46.0,47.55,258715,EQ,1958.0,132.13,118300.0
2023-07-31,46.1,47.3,46.0,46.6,466388,EQ,2784.0,167.52,268200.0
2023-08-01,46.65,47.6,46.45,47.1,378012,EQ,1928.0,196.06,235768.0
2023-08-02,47.3,47.6,46.4,46.45,233448,EQ,1842.0,126.74,149848.0
2023-08-03,46.5,46.8,46.1,46.3,236904,EQ,1452.0,163.16,126551.0
2023-08-04,46.35,47.3,46.35,47.0,309317,EQ,1502.0,205.94,216662.0
2023-08-07,47.2,48.5,47.1,47.85,497495,EQ,2937.0,169.39,323966.0
2023-08-08,48.1,48.35,47.5,47.55,160217,EQ,1286.0,124.59,85620.0
2023-08-09,47.75,47.85,47.1,47.3,204488,EQ,1434.0,142.6,115874.0
2023-08-10,47.45,47.85,47.3,47.55,227069,EQ,1387.0,163.71,144574.0
2023-08-11,47.85,48.15,47.1,47.55,469817,EQ,1702.0,276.04,346533.0
2023-08-14,47.55,47.6,46.4,46.95,233614,EQ,1900.0,122.95,130524.0
2023-08-16,47.0,47.25,46.0,46.15,238639,EQ,1923.0,124.1,160802.0
2023-08-17,46.4,47.0,45.8,46.75,398642,EQ,2001.0,199.22,219641.0
2023-08-18,46.85,49.75,46.55,48.6,1698682,EQ,7048.0,241.02,922210.0
2023-08-21,49.0,51.6,49.0,51.45,2203960,EQ,9921.0,222.15,1162385.0
2023-08-22,52.0,53.0,50.65,51.1,853864,EQ,4928.0,173.27,510297.0
2023-08-23,51.1,52.5,51.0,51.65,596862,EQ,3156.0,189.12,374178.0
2023-08-24,51.1,52.9,51.1,51.8,774586,EQ,3891.0,199.07,458919.0
2023-08-25,51.65,52.75,50.3,52.5,957646,EQ,4462.0,214.62,538958.0
2023-08-28,53.1,56.75,53.1,54.45,3126942,EQ,12765.0,244.96,1358285.0
2023-08-29,55.0,55.95,53.65,54.4,854443,EQ,4347.0,196.56,448031.0
2023-08-30,55.65,57.65,55.0,57.2,1840014,EQ,8669.0,212.25,1019057.0
2023-08-31,58.5,58.95,56.65,56.95,1580626,EQ,7528.0,209.97,875649.0
2023-09-01,57.3,58.45,56.4,57.85,715548,EQ,4352.0,164.42,424151.0
2023-09-04,58.4,59.4,57.6,57.75,998203,EQ,5253.0,190.03,574052.0
2023-09-05,57.95,58.85,55.6,55.95,846565,EQ,5280.0,160.33,478925.0
2023-09-06,56.35,56.65,55.2,55.85,431691,EQ,3084.0,139.98,223693.0
2023-09-07,56.25,57.95,55.75,57.6,594299,EQ,4347.0,136.71,276029.0
2023-09-08,58.0,58.0,56.15,56.5,385176,EQ,2745.0,140.32,197497.0
2023-09-11,56.85,57.8,55.15,56.7,644657,EQ,3549.0,181.64,363794.0
2023-09-12,57.1,57.8,50.55,51.3,1470979,EQ,8635.0,170.35,777384.0
2023-09-13,51.4,54.35,51.25,52.55,904729,EQ,4668.0,193.82,316672.0
2023-09-14,53.1,54.6,53.0,54.25,521842,EQ,2980.0,175.11,219788.0
2023-09-15,54.5,55.5,52.8,53.1,451630,EQ,2855.0,158.19,231972.0
2023-09-18,53.2,54.0,52.65,52.9,497418,EQ,2857.0,174.11,293695.0
2023-09-20,52.9,53.0,50.5,51.95,407426,EQ,2610.0,156.1,220551.0
2023-09-21,51.2,52.7,50.2,51.2,614341,EQ,3166.0,194.04,262784.0
2023-09-22,51.0,51.85,50.5,51.4,314697,EQ,2140.0,147.05,131720.0
2023-09-25,51.7,53.5,51.2,52.05,812669,EQ,5275.0,154.06,219094.0
2023-09-26,52.4,53.05,51.85,52.65,365624,EQ,1923.0,190.13,218537.0
2023-09-27,52.55,54.5,51.6,53.75,505888,EQ,2517.0,200.99,281042.0
2023-09-28,53.85,54.45,52.9,53.05,306044,EQ,1934.0,158.24,148396.0
2023-09-29,53.45,53.45,51.85,52.35,378500,EQ,1930.0,196.11,189009.0
2023-10-03,52.4,54.4,51.85,53.65,435073,EQ,2725.0,159.66,235381.0
2023-10-04,54.0,54.1,51.95,52.4,462616,EQ,2579.0,179.38,233683.0
2023-10-05,52.95,56.45,52.5,54.85,1420403,EQ,6607.0,214.98,500983.0
2023-10-06,55.2,55.8,53.7,54.4,645939,EQ,3659.0,176.53,271798.0
2023-10-09,53.8,53.8,52.05,52.4,493930,EQ,3450.0,143.17,234899.0
2023-10-10,52.8,53.65,52.8,53.2,242256,EQ,2051.0,118.12,124671.0
2023-10-11,53.6,55.6,52.95,55.0,852409,EQ,4366.0,195.24,462743.0
2023-10-12,55.25,56.1,54.55,55.5,771406,EQ,3610.0,213.69,447977.0
2023-10-13,55.0,57.5,55.0,55.75,1413290,EQ,6276.0,225.19,568680.0
2023-10-16,55.75,56.4,54.8,55.15,676247,EQ,2822.0,239.63,349775.0
2023-10-17,55.4,57.5,55.4,55.7,732012,EQ,3642.0,200.99,312554.0
2023-10-18,56.0,58.85,54.95,58.45,2813962,EQ,10209.0,275.64,1118908.0
2023-10-19,58.5,59.7,57.25,57.6,1277466,EQ,6369.0,200.58,613343.0
2023-10-20,57.9,58.35,56.35,56.8,606368,EQ,3600.0,168.44,263727.0
2023-10-23,56.8,57.25,52.55,52.9,1119547,EQ,5334.0,209.89,498803.0
2023-10-25,53.2,54.45,51.9,53.4,532408,EQ,3006.0,177.12,226355.0
2023-10-26,53.45,54.1,51.2,53.75,573498,EQ,3332.0,172.12,247435.0
2023-10-27,54.3,59.4,54.25,58.7,2575740,EQ,9319.0,276.4,781272.0
2023-10-30,60.0,61.9,57.9,59.0,2434055,EQ,11897.0,204.59,912022.0
2023-10-31,58.9,60.6,58.4,59.95,1292504,EQ,6507.0,198.63,567981.0
2023-11-01,61.35,69.2,60.45,64.55,26621556,EQ,75326.0,353.42,4733876.0
2023-11-02,66.0,66.95,63.1,64.25,4406222,EQ,12835.0,343.3,1382275.0
2023-11-03,64.25,68.0,63.8,64.6,4358896,EQ,12508.0,348.49,1263695.0
2023-11-06,65.1,65.6,63.0,63.15,1942202,EQ,6949.0,279.49,867092.0
2023-11-07,63.45,64.75,63.05,63.9,1455139,EQ,5433.0,267.83,458398.0
2023-11-08,64.4,69.25,64.3,66.5,4903636,EQ,14321.0,342.41,1219921.0
2023-11-09,66.55,67.4,64.0,64.55,1706852,EQ,6539.0,261.03,500419.0
2023-11-10,64.45,67.8,64.45,65.95,2139900,EQ,6654.0,321.6,716284.0
2023-11-12,66.4,67.3,66.25,66.65,425232,EQ,2970.0,143.18,236129.0
2023-11-13,66.75,68.1,65.5,67.65,1605153,EQ,5926.0,270.87,548898.0
2023-11-15,68.5,71.5,68.5,69.15,2927170,EQ,9925.0,294.93,1102948.0
2023-11-16,69.05,71.0,66.75,67.3,2553087,EQ,8337.0,306.24,890372.0
2023-11-17,67.5,69.2,66.7,67.9,1498269,EQ,6181.0,242.4,639447.0
2023-11-20,68.1,69.5,67.3,68.25,958603,EQ,6045.0,158.58,401759.0
2023-11-21,68.65,70.6,68.0,68.3,1269344,EQ,7391.0,171.74,518950.0
2023-11-22,68.45,73.3,68.4,69.7,4613770,EQ,14093.0,327.38,1388837.0
2023-11-23,70.05,71.05,68.1,68.45,1021218,EQ,4630.0,220.57,440609.0
2023-11-24,68.75,69.2,67.1,67.6,924674,EQ,4232.0,218.5,370955.0
2023-11-28,68.3,69.5,67.6,68.1,1369237,EQ,5309.0,257.91,526413.0
2023-11-29,68.2,68.95,67.5,67.95,740814,EQ,3733.0,198.45,347805.0
2023-11-30,67.95,68.9,66.7,67.0,864188,EQ,3732.0,231.56,400766.0
2023-12-01,67.45,69.0,67.15,67.45,804816,EQ,4464.0,180.29,375807.0
2023-12-04,68.6,69.0,67.25,67.35,730983,EQ,3246.0,225.2,339006.0
2023-12-05,67.75,68.6,66.55,67.4,873519,EQ,4056.0,215.36,368995.0
2023-12-06,67.9,69.35,67.15,67.65,843971,EQ,3816.0,221.17,295480.0
2023-12-07,67.75,68.4,66.65,67.05,841775,EQ,3497.0,240.71,413320.0
2023-12-08,67.35,69.25,67.2,68.0,1361875,EQ,5406.0,251.92,471133.0
2023-12-11,68.6,70.65,68.1,68.4,1796704,EQ,6387.0,281.31,503369.0
2023-12-12,68.95,69.2,66.75,67.25,764966,EQ,3337.0,229.24,329185.0
2023-12-13,67.75,68.05,66.1,67.05,849201,EQ,3211.0,264.47,359462.0
2023-12-14,67.6,68.55,66.7,66.9,756756,EQ,3483.0,217.27,331957.0
2023-12-15,67.5,72.0,66.85,71.05,3122753,EQ,10508.0,297.18,1307147.0
2023-12-18,74.2,84.25,73.1,80.1,26008755,EQ,85250.0,305.09,4496102.0
2023-12-19,80.95,83.2,79.45,80.1,4627068,EQ,19777.0,233.96,1282958.0
2023-12-20,80.2,81.5,73.2,74.85,3841022,EQ,18160.0,211.51,1444844.0
2023-12-21,73.75,79.95,72.4,79.4,3631409,EQ,15364.0,236.36,750717.0
2023-12-22,79.4,81.0,78.15,79.25,1866942,EQ,9756.0,191.36,595512.0
2023-12-26,79.9,81.7,78.9,79.6,1083308,EQ,5902.0,183.55,358276.0
2023-12-27,80.8,83.5,78.55,81.8,2516273,EQ,9992.0,251.83,959656.0
2023-12-28,82.0,82.45,77.4,77.9,1691679,EQ,8835.0,191.47,838889.0
2023-12-29,78.0,79.4,77.1,78.2,964814,EQ,4975.0,193.93,388045.0
2024-01-01,78.7,81.0,77.9,79.7,993592,EQ,5867.0,169.35,429081.0
2024-01-02,80.05,80.6,78.1,78.95,879287,EQ,5399.0,162.86,306281.0
2024-01-03,78.95,84.0,78.45,83.25,2861561,EQ,13316.0,214.9,1343175.0
2024-01-04,83.9,86.15,83.25,84.05,3925435,EQ,18969.0,206.94,1507006.0
2024-01-05,84.7,85.0,81.9,82.7,2759167,EQ,15490.0,178.13,687979.0
2024-01-08,83.15,86.7,82.05,84.0,4244257,EQ,19042.0,222.89,804034.0
2024-01-09,84.65,86.0,83.25,83.85,2483979,EQ,10519.0,236.14,464947.0
2024-01-10,83.95,84.35,81.3,83.6,1803158,EQ,10523.0,171.35,368098.0
2024-01-11,84.25,84.95,82.8,83.25,981650,EQ,5219.0,188.09,449467.0
2024-01-12,83.8,85.95,82.5,83.15,1757718,EQ,10219.0,172.0,654353.0
2024-01-15,83.3,84.6,82.6,82.95,833100,EQ,6247.0,133.36,309145.0
2024-01-16,83.25,84.9,80.3,81.3,3218660,EQ,15589.0,206.47,916147.0
2024-01-17,80.5,81.75,79.1,79.9,2679962,EQ,15218.0,176.1,526818.0
2024-01-18,79.5,82.8,78.7,79.7,2472771,EQ,11095.0,222.87,534441.0
2024-01-19,80.4,81.95,79.55,79.95,1320706,EQ,6161.0,214.37,594658.0
2024-01-20,80.55,82.4,80.3,81.55,891633,EQ,5431.0,164.17,336673.0
2024-01-23,82.0,86.2,80.8,81.65,3323702,EQ,17629.0,188.54,1074634.0
2024-01-24,82.4,89.5,81.9,85.05,5083187,EQ,21907.0,232.03,1445093.0
2024-01-25,85.7,90.0,85.7,88.2,3157151,EQ,15375.0,205.34,1185557.0
2024-01-29,88.85,89.05,84.4,84.7,1624616,EQ,9202.0,176.55,810475.0
2024-01-30,85.4,88.2,85.0,85.95,1535606,EQ,8365.0,183.58,518182.0
2024-01-31,86.45,86.65,84.55,85.7,947348,EQ,6087.0,155.63,429689.0
2024-02-01,85.5,85.5,80.0,82.05,2699392,EQ,15331.0,176.07,1262745.0
2024-02-02,82.9,83.2,80.4,80.9,1510673,EQ,7722.0,195.63,750497.0
2024-02-05,81.4,82.4,80.05,80.4,1102231,EQ,6534.0,168.69,500415.0
2024-02-06,80.95,81.35,79.95,80.9,774933,EQ,5406.0,143.35,258373.0
2024-02-07,81.5,82.4,80.0,80.6,744275,EQ,5088.0,146.28,368802.0
2024-02-08,80.0,82.85,80.0,81.35,1414804,EQ,7724.0,183.17,576780.0
2024-02-09,81.9,82.0,78.2,80.05,984647,EQ,6822.0,144.33,368262.0
2024-02-12,80.8,80.85,74.55,75.3,1211365,EQ,8997.0,134.64,484767.0
2024-02-13,75.9,76.8,73.7,76.0,923847,EQ,6453.0,143.17,289767.0
2024-02-14,75.0,77.0,74.1,76.55,652486,EQ,4292.0,152.02,231614.0
2024-02-15,77.3,78.25,77.1,77.65,387381,EQ,2867.0,135.12,149357.0
2024-02-16,78.05,78.9,77.35,77.9,349551,EQ,2874.0,121.63,154877.0
2024-02-19,78.5,78.75,76.9,77.1,387356,EQ,3146.0,123.13,185586.0
2024-02-20,77.5,80.0,76.8,78.65,631593,EQ,4593.0,137.51,250908.0
2024-02-21,79.15,80.6,77.9,79.15,641593,EQ,4220.0,152.04,262018.0
2024-02-22,79.8,80.3,77.35,78.1,496500,EQ,3634.0,136.63,188303.0
2024-02-23,78.5,79.7,78.3,78.55,293773,EQ,2225.0,132.03,139394.0
2024-02-26,78.95,79.2,77.15,77.4,236850,EQ,2381.0,99.48,108079.0
2024-02-27,77.45,78.4,76.5,77.5,372058,EQ,2912.0,127.77,150943.0
2024-02-28,77.75,77.95,74.7,75.3,413084,EQ,3400.0,121.5,223355.0
2024-02-29,75.45,75.85,73.4,74.7,466857,EQ,3893.0,119.92,208885.0
2024-03-01,74.95,75.95,74.35,74.75,300965,EQ,2835.0,106.16,154390.0
2024-03-02,75.1,76.4,74.3,75.65,62610,EQ,698.0,89.7,40287.0
2024-03-04,75.95,76.4,74.0,74.45,351998,EQ,3138.0,112.17,197242.0
2024-03-05,74.8,75.0,73.2,73.7,345976,EQ,3105.0,111.43,183738.0
2024-03-06,73.55,73.95,70.45,71.65,732934,EQ,5884.0,124.56,346068.0
2024-03-07,72.3,72.65,71.35,72.0,354933,EQ,2896.0,122.56,186711.0
2024-03-11,72.0,72.0,68.35,69.0,536995,EQ,5008.0,107.23,272399.0
2024-03-12,69.35,70.2,66.0,67.25,805583,EQ,7468.0,107.87,462940.0
2024-03-13,67.9,69.05,61.2,62.1,1213998,EQ,17622.0,68.89,602088.0
2024-03-14,62.2,66.6,61.45,65.7,587042,EQ,4375.0,134.18,307932.0
2024-03-15,65.7,67.05,63.75,64.7,492731,EQ,3978.0,123.86,204629.0
2024-03-18,64.85,65.45,63.75,64.6,305401,EQ,2715.0,112.49,150355.0
2024-03-19,64.5,65.0,62.0,63.75,483258,EQ,3501.0,138.03,260568.0
2024-03-20,63.8,64.6,62.6,63.2,381665,EQ,2812.0,135.73,135524.0
2024-03-21,63.85,65.0,63.75,64.5,404936,EQ,2063.0,196.29,216971.0
2024-03-22,64.1,67.5,64.1,66.5,491212,EQ,3452.0,142.3,286576.0
2024-03-26,66.5,67.35,63.9,64.25,561251,EQ,3918.0,143.25,344649.0
2024-03-27,64.45,66.5,64.0,64.45,1049059,EQ,6516.0,161.0,405291.0
2024-03-28,64.9,66.85,63.6,64.2,674110,EQ,5324.0,126.62,376538.0
2024-04-01,64.65,71.75,64.65,70.05,1002616,EQ,6245.0,160.55,472729.0
2024-04-02,70.0,76.8,70.0,76.25,1619590,EQ,9781.0,165.59,671035.0
2024-04-03,75.75,78.5,74.5,78.0,852480,EQ,5445.0,156.56,365775.0
2024-04-04,78.0,79.55,77.2,79.15,634416,EQ,4120.0,153.98,293618.0
2024-04-05,78.9,79.55,78.0,78.35,305278,EQ,2677.0,114.04,139693.0
2024-04-08,78.95,83.9,76.4,83.25,2096550,EQ,12137.0,172.74,1059696.0
2024-04-09,84.45,86.0,81.7,84.6,1929690,EQ,13814.0,139.69,672594.0
2024-04-10,84.5,86.2,82.85,84.15,1004088,EQ,8038.0,124.92,409454.0
2024-04-12,83.8,85.5,81.6,82.15,796542,EQ,8932.0,89.18,257338.0
2024-04-15,78.5,81.4,78.5,79.8,776143,EQ,7402.0,104.86,325628.0
2024-04-16,79.0,81.25,78.55,80.0,605475,EQ,5639.0,107.37,171047.0
2024-04-18,80.1,82.4,78.5,79.0,903625,EQ,6162.0,146.64,354030.0
2024-04-19,77.15,80.45,76.95,79.2,606042,EQ,4476.0,135.4,242279.0
2024-04-22,80.0,83.9,79.9,82.95,1202083,EQ,6510.0,184.65,572481.0
2024-04-23,83.5,86.75,83.2,84.95,1709775,EQ,10468.0,163.33,603951.0
2024-04-24,85.6,96.0,85.1,94.65,12288655,EQ,49270.0,249.41,2589225.0
2024-04-25,94.65,96.5,92.15,93.1,3437843,EQ,15907.0,216.12,1004631.0
2024-04-26,94.0,96.7,92.3,92.85,1672918,EQ,9374.0,178.46,495503.0
2024-04-29,93.7,98.75,93.0,97.8,3693115,EQ,19121.0,193.14,1480642.0
2024-04-30,98.3,98.9,95.5,96.6,2002844,EQ,13377.0,149.72,786294.0
2024-05-02,102.0,111.2,101.4,106.65,17952020,EQ,67838.0,264.63,3421368.0
2024-05-03,107.45,110.6,103.3,105.3,4512100,EQ,22306.0,202.28,1078737.0
2024-05-06,107.0,107.2,101.0,103.35,2503803,EQ,14713.0,170.18,592435.0
2024-05-07,104.15,106.7,99.2,102.55,2429233,EQ,19449.0,124.9,561224.0
2024-05-08,103.1,105.95,101.6,104.6,1546111,EQ,12974.0,119.17,363800.0
2024-05-09,104.8,104.8,97.35,99.75,1474745,EQ,13347.0,110.49,451647.0
2024-05-10,99.0,102.2,96.9,100.9,1543022,EQ,10650.0,144.88,389702.0
2024-05-13,100.1,100.4,95.25,98.4,2143921,EQ,15626.0,137.2,731732.0
2024-05-14,98.45,106.2,98.4,105.0,2200180,EQ,16279.0,135.15,672751.0
2024-05-15,107.0,109.35,106.1,107.1,1683849,EQ,13165.0,127.9,577846.0
2024-05-16,107.6,109.45,106.8,108.0,1152665,EQ,8638.0,133.44,423524.0
2024-05-17,108.0,109.95,105.55,106.1,986175,EQ,8207.0,120.16,407473.0
2024-05-18,106.7,108.4,106.4,107.85,144073,EQ,2109.0,68.31,95828.0
2024-05-21,108.95,116.1,106.45,108.0,3292866,EQ,18344.0,179.51,1127049.0
2024-05-22,108.0,109.7,103.7,104.35,1544567,EQ,12629.0,122.3,610788.0
2024-05-23,104.6,104.95,101.8,103.7,1275751,EQ,9931.0,128.46,485735.0
2024-05-24,104.4,105.65,102.55,103.1,689055,EQ,5334.0,129.18,289380.0
2024-05-27,103.2,103.6,99.75,101.15,831898,EQ,8026.0,103.65,242860.0
2024-05-28,102.7,102.7,97.5,98.5,752722,EQ,7216.0,104.31,357286.0
2024-05-29,98.7,101.55,98.1,99.75,483983,EQ,5857.0,82.63,168450.0
2024-05-30,99.75,99.8,97.65,99.15,533832,EQ,6131.0,87.07,259671.0
2024-05-31,99.45,100.45,97.0,99.05,556518,EQ,6463.0,86.11,236056.0
2024-06-03,103.1,103.9,97.4,98.05,737433,EQ,5928.0,124.4,405484.0
2024-06-04,97.95,97.95,79.35,84.45,2027193,EQ,17152.0,118.19,806286.0
2024-06-05,86.5,93.6,85.0,92.35,1175940,EQ,11846.0,99.27,344429.0
2024-06-06,93.0,96.95,93.0,95.5,863108,EQ,6577.0,131.23,360067.0
2024-06-07,96.0,99.9,94.4,98.8,848009,EQ,7469.0,113.54,305259.0
2024-06-10,98.95,102.5,98.95,101.03,1144910,EQ,10649.0,107.51,456584.0
2024-06-11,102.0,103.7,100.41,103.27,1071164,EQ,8047.0,133.11,320533.0
2024-06-12,104.3,104.3,102.01,103.32,848615,EQ,10092.0,84.09,252349.0
2024-06-13,104.6,104.6,101.35,102.22,482582,EQ,5589.0,86.34,182954.0
2024-06-14,102.8,103.39,101.51,102.59,531839,EQ,6820.0,77.98,204984.0
2024-06-18,102.65,104.31,101.02,101.22,557745,EQ,5502.0,101.37,235251.0
2024-06-19,101.21,109.78,101.0,106.34,2626397,EQ,19985.0,131.42,940084.0
2024-06-20,106.34,110.86,105.69,108.06,1919332,EQ,18681.0,102.74,687811.0
2024-06-21,108.9,109.53,105.53,108.03,1165118,EQ,12455.0,93.55,459975.0
2024-06-24,107.81,113.96,106.82,112.5,2714347,EQ,21190.0,128.1,1137056.0
2024-06-25,113.3,113.4,104.2,104.83,1809886,EQ,20512.0,88.24,698604.0
2024-06-26,105.7,106.29,103.06,103.67,988648,EQ,9793.0,100.95,343934.0
2024-06-27,103.74,107.3,102.74,103.45,1129382,EQ,8907.0,126.8,434235.0
2024-06-28,103.75,104.4,102.75,103.97,387940,EQ,5267.0,73.65,131836.0
2024-07-01,102.55,104.6,102.05,104.03,636052,EQ,7265.0,87.55,298022.0
2024-07-02,103.55,103.9,96.0,96.49,2497934,EQ,22376.0,111.63,1053622.0
2024-07-03,97.25,100.64,97.01,100.37,935320,EQ,10592.0,88.3,331916.0
2024-07-04,101.4,102.6,97.95,98.52,1268951,EQ,11287.0,112.43,611669.0
2024-07-05,98.52,99.4,97.53,98.27,481826,EQ,5459.0,88.26,189227.0
2024-07-08,98.27,99.24,96.81,98.93,563765,EQ,7436.0,75.82,223394.0
2024-07-09,99.4,102.6,99.4,101.16,864259,EQ,8741.0,98.87,371348.0
2024-07-10,101.1,101.9,97.8,100.63,968868,EQ,8127.0,119.22,348774.0
2024-07-11,101.45,105.6,101.02,104.92,1368077,EQ,15068.0,90.79,670735.0
2024-07-12,105.85,107.92,102.95,105.48,1542946,EQ,14255.0,108.24,642361.0
2024-07-15,109.5,124.8,107.48,121.57,23073936,EQ,114406.0,201.68,4087501.0
2024-07-16,123.36,125.5,116.5,117.67,5074435,EQ,39196.0,129.46,1585679.0
2024-07-18,118.6,121.0,115.56,116.45,2657487,EQ,27490.0,96.67,898834.0
2024-07-19,116.45,116.86,111.15,111.55,1781775,EQ,20551.0,86.7,683125.0
2024-07-22,111.55,113.54,108.34,111.46,1138217,EQ,14058.0,80.97,353679.0
2024-07-23,112.3,112.4,102.06,108.81,1996606,EQ,31509.0,63.37,511477.0
2024-07-24,108.7,115.99,108.2,113.34,1493813,EQ,19554.0,76.39,471889.0
2024-07-25,113.35,116.34,112.21,113.37,1398409,EQ,16094.0,86.89,390640.0
2024-07-26,113.45,115.39,113.23,113.61,898930,EQ,9330.0,96.35,347282.0
2024-07-29,118.65,120.69,114.52,115.08,2241518,EQ,25944.0,86.4,734437.0
2024-07-30,115.8,115.8,112.12,112.82,760537,EQ,10145.0,74.97,340845.0
2024-07-31,112.0,112.44,110.0,110.39,604655,EQ,7203.0,83.94,278936.0
2024-08-01,111.43,112.63,108.14,108.42,643672,EQ,7490.0,85.94,279730.0
2024-08-02,106.0,111.27,105.24,110.8,828301,EQ,11425.0,72.5,302110.0
2024-08-05,106.2,107.35,102.32,103.49,1141818,EQ,16964.0,67.31,395480.0
2024-08-06,104.25,107.85,102.01,102.75,783773,EQ,14428.0,54.32,245252.0
2024-08-07,104.3,106.37,102.36,105.17,788541,EQ,13571.0,58.1,239661.0
2024-08-08,105.46,111.0,104.2,109.99,1089829,EQ,13497.0,80.75,394120.0
2024-08-09,111.69,111.69,104.06,104.68,1080560,EQ,14777.0,73.12,408941.0
2024-08-12,104.1,104.6,99.78,102.96,868988,EQ,13010.0,66.79,315543.0
2024-08-13,104.29,104.74,100.7,101.13,700155,EQ,10110.0,69.25,301357.0
2024-08-14,102.47,102.47,98.31,100.3,578619,EQ,8596.0,67.31,205565.0
2024-08-16,102.35,103.28,100.86,102.32,475827,EQ,6373.0,74.66,192079.0
2024-08-19,103.85,105.9,101.61,104.92,1204078,EQ,17522.0,68.72,251581.0
2024-08-20,112.85,113.0,106.4,110.28,1826452,EQ,21524.0,84.86,482884.0
2024-08-21,110.28,113.0,108.63,111.87,1625768,EQ,17258.0,94.2,706035.0
2024-08-22,112.41,117.58,112.08,114.31,2662099,EQ,25112.0,106.01,851867.0
2024-08-23,114.58,114.58,110.9,112.75,780310,EQ,10549.0,73.97,276940.0
2024-08-26,113.85,124.4,113.84,120.76,6573724,EQ,50211.0,130.92,2023338.0
2024-08-27,121.6,123.2,119.42,122.48,1923261,EQ,21970.0,87.54,672048.0
2024-08-28,123.39,132.0,123.0,128.68,10132943,EQ,82125.0,123.38,3100348.0
2024-08-29,130.51,133.0,127.03,128.83,3939916,EQ,32515.0,121.17,1143085.0
2024-08-30,129.2,132.9,124.4,131.79,3503039,EQ,31805.0,110.14,1176107.0
2024-09-02,132.8,138.0,131.15,135.9,4704475,EQ,37943.0,123.99,1660124.0
2024-09-03,136.3,162.75,135.1,157.13,26383863,EQ,169903.0,155.29,3642074.0
2024-09-04,158.0,174.81,155.4,170.58,33564380,EQ,206062.0,162.88,2605607.0
2024-09-05,168.8,168.88,157.87,163.88,8552431,EQ,50929.0,167.93,1563906.0
2024-09-06,162.41,165.0,156.01,161.17,3917828,EQ,21720.0,180.38,1020430.0
2024-09-09,161.66,162.8,156.19,158.7,2557486,EQ,17682.0,144.64,515406.0
2024-09-10,158.7,166.9,158.01,160.32,2921238,EQ,18585.0,157.18,625477.0
2024-09-11,159.81,163.8,154.55,156.72,2130851,EQ,16204.0,131.5,495808.0
2024-09-12,156.4,160.8,154.51,158.02,1606195,EQ,14063.0,114.21,399380.0
2024-09-13,158.02,164.4,157.83,162.19,1854044,EQ,12591.0,147.25,480139.0
2024-09-16,162.95,171.5,160.35,169.09,2978905,EQ,19212.0,155.05,1182893.0
2024-09-17,171.0,177.0,152.18,155.76,4765706,EQ,30720.0,155.13,1352745.0
2024-09-18,157.4,165.0,155.02,162.93,3142409,EQ,19157.0,164.03,818756.0
2024-09-19,163.99,163.99,146.63,152.47,2238269,EQ,21619.0,103.53,738719.0
2024-09-20,156.0,157.63,149.26,154.42,1572833,EQ,17311.0,90.86,407949.0
2024-09-23,155.81,156.84,150.82,153.05,840267,EQ,8148.0,103.13,341022.0
2024-09-24,153.0,156.7,148.75,150.09,915613,EQ,12374.0,73.99,352342.0
2024-09-25,150.5,162.0,148.0,158.11,1848491,EQ,20497.0,90.18,733599.0
2024-09-26,156.86,156.86,151.0,151.76,774356,EQ,10658.0,72.65,260778.0
2024-09-27,151.5,156.8,150.0,155.02,779465,EQ,6928.0,112.51,213909.0
2024-09-30,157.39,157.5,151.95,154.28,513210,EQ,8351.0,61.45,198984.0
2024-10-01,156.29,168.0,156.0,167.07,2576130,EQ,21032.0,122.49,1192493.0
2024-10-03,161.89,171.0,161.21,164.07,2928165,EQ,23589.0,124.13,967290.0
2024-10-04,164.89,169.0,157.18,165.18,1559700,EQ,15205.0,102.58,726286.0
2024-10-07,147.49,147.49,133.85,133.91,2033665,EQ,18877.0,107.73,931254.0
2024-10-08,133.39,142.38,128.5,139.43,1617027,EQ,18576.0,87.05,361838.0
2024-10-09,140.0,142.9,138.01,139.27,607646,EQ,7423.0,81.86,208345.0
2024-10-10,141.0,141.4,135.0,135.74,445356,EQ,6183.0,72.03,216133.0
2024-10-11,135.98,141.5,135.5,137.94,720754,EQ,8732.0,82.54,302594.0
2024-10-14,137.94,140.36,136.16,137.06,439704,EQ,8527.0,51.57,206641.0
2024-10-15,137.59,138.5,131.82,133.6,776174,EQ,9680.0,80.18,430698.0
2024-10-16,135.0,146.96,130.87,144.64,3151363,EQ,22774.0,138.38,1212331.0
2024-10-17,145.55,153.0,142.32,148.58,4631436,EQ,31986.0,144.8,1351361.0
2024-10-18,148.0,148.38,140.0,141.44,1956976,EQ,17029.0,114.92,807364.0
2024-10-21,141.4,144.49,131.8,133.36,1033689,EQ,12459.0,82.97,396126.0
2024-10-22,134.0,135.4,120.02,122.5,2136288,EQ,15734.0,135.78,917272.0
2024-10-23,123.98,134.75,123.11,131.19,1342973,EQ,15384.0,87.3,367570.0
2024-10-24,131.2,132.0,124.0,124.81,475343,EQ,11127.0,42.72,189685.0
2024-10-25,122.5,125.38,115.71,121.54,895066,EQ,13030.0,68.69,298023.0
2024-10-28,122.7,127.55,121.68,125.52,788206,EQ,9913.0,79.51,305495.0
2024-10-29,124.01,126.21,120.51,123.35,382139,EQ,6326.0,60.41,134147.0
2024-10-30,123.35,128.99,123.35,127.68,441181,EQ,7808.0,56.5,187072.0
2024-10-31,129.45,130.5,125.7,127.13,412752,EQ,7472.0,55.24,122846.0
2024-11-01,127.51,131.3,127.51,130.52,206401,EQ,2654.0,77.77,123615.0
2024-11-04,129.61,129.61,125.8,126.95,374412,EQ,6025.0,62.14,173119.0
2024-11-05,127.45,129.54,126.03,127.1,518511,EQ,7909.0,65.56,154338.0
2024-11-06,129.9,134.48,127.57,133.86,639464,EQ,6873.0,93.04,329259.0
2024-11-07,133.86,136.6,128.1,129.08,626461,EQ,9708.0,64.53,270281.0
2024-11-08,128.5,129.07,123.31,124.07,533645,EQ,7542.0,70.76,249621.0
2024-11-11,123.69,123.69,120.61,121.36,432787,EQ,6293.0,68.77,150728.0
2024-11-12,122.0,123.4,116.51,118.66,666367,EQ,8096.0,82.31,325540.0
2024-11-13,116.3,118.41,113.01,113.87,685382,EQ,8069.0,84.94,327637.0
2024-11-14,114.24,117.24,111.5,114.62,401555,EQ,6243.0,64.32,126885.0
2024-11-18,114.55,115.19,109.34,111.45,470652,EQ,6683.0,70.43,193382.0
2024-11-19,112.0,115.38,111.5,112.65,382754,EQ,6149.0,62.25,149936.0
2024-11-21,112.25,113.49,104.5,107.85,579123,EQ,8434.0,68.67,201367.0
2024-11-22,110.0,118.63,108.71,118.63,513868,EQ,7189.0,71.48,228755.0
2024-11-25,122.0,124.85,116.0,116.98,851086,EQ,9523.0,89.37,397732.0
2024-11-26,116.81,121.94,115.62,120.14,436216,EQ,5658.0,77.1,230235.0
2024-11-27,120.13,121.5,119.0,121.14,244391,EQ,3924.0,62.28,124334.0
2024-11-28,121.0,123.69,120.0,121.18,287779,EQ,4079.0,70.55,141947.0
2024-11-29,121.7,122.7,115.96,118.76,415595,EQ,5268.0,78.89,209064.0
2024-12-02,119.4,126.3,118.28,125.3,641332,EQ,7840.0,81.8,292803.0
2024-12-03,125.5,127.45,123.59,125.67,370672,EQ,5000.0,74.13,162942.0
2024-12-04,126.55,126.6,123.3,125.34,352738,EQ,8847.0,39.87,105444.0
2024-12-05,127.54,133.0,122.85,128.13,1106688,EQ,10114.0,109.42,571738.0
2024-12-06,128.31,130.4,127.65,128.4,301482,EQ,5501.0,54.8,165214.0
2024-12-09,129.0,137.8,127.91,134.7,1193592,EQ,11310.0,105.53,554804.0
2024-12-10,135.5,135.67,123.91,129.24,868343,EQ,10977.0,79.11,437821.0
2024-12-11,129.05,133.4,127.0,127.47,611182,EQ,6732.0,90.79,328177.0
2024-12-12,129.0,131.9,127.0,128.06,739071,EQ,9650.0,76.59,200647.0
2024-12-13,127.5,127.51,123.35,124.75,511326,EQ,8234.0,62.1,200829.0
2024-12-16,124.88,126.72,120.8,121.74,593254,EQ,7417.0,79.99,323030.0
2024-12-17,122.82,124.99,121.23,121.92,402652,EQ,9696.0,41.53,138963.0
2024-12-18,121.8,122.7,117.0,118.36,436635,EQ,5157.0,84.67,184402.0
2024-12-19,117.0,120.83,116.24,119.21,417426,EQ,4352.0,95.92,147029.0
2024-12-20,119.1,120.18,113.25,113.89,544037,EQ,6270.0,86.77,291221.0
2024-12-23,114.92,117.8,112.06,114.64,718892,EQ,11436.0,62.86,137795.0
2024-12-24,114.7,115.9,113.6,115.09,187826,EQ,2859.0,65.7,95710.0
2024-12-26,115.97,118.13,114.0,114.66,247908,EQ,4538.0,54.63,102075.0
2024-12-27,115.15,116.0,112.86,113.49,157951,EQ,2882.0,54.81,57441.0
2024-12-30,114.46,116.99,112.75,114.09,365092,EQ,6385.0,57.18,91659.0
2024-12-31,114.09,117.0,112.05,115.66,206435,EQ,2811.0,73.44,80990.0
2025-01-01,116.39,119.9,115.4,119.07,202774,EQ,3069.0,66.07,98758.0
2025-01-02,117.75,119.3,117.0,117.64,196000,EQ,3613.0,54.25,89009.0
2025-01-03,118.35,118.68,115.5,115.63,232166,EQ,6456.0,35.96,146175.0
2025-01-06,116.34,116.34,107.2,108.32,608654,EQ,7958.0,76.48,326892.0
2025-01-07,109.38,111.0,108.33,109.85,303974,EQ,5986.0,50.78,155737.0
2025-01-08,109.8,110.3,105.5,106.79,360009,EQ,5715.0,62.99,181436.0
2025-01-09,106.5,108.68,105.25,105.68,210836,EQ,3882.0,54.31,110163.0
2025-01-10,105.01,106.02,101.7,105.05,465903,EQ,6296.0,74.0,233650.0
2025-01-13,103.75,105.95,99.8,100.61,515463,EQ,16498.0,31.24,281859.0
2025-01-14,102.8,104.6,100.4,102.14,324356,EQ,5546.0,58.48,124910.0
2025-01-15,102.59,105.95,101.55,105.0,210475,EQ,5897.0,35.69,110153.0
2025-01-16,104.51,106.75,102.7,103.45,313630,EQ,7929.0,39.55,167781.0
2025-01-17,105.5,106.45,103.21,104.04,371247,EQ,6439.0,57.66,136065.0
2025-01-20,103.1,105.3,103.1,104.39,202680,EQ,3376.0,60.04,92977.0
2025-01-21,105.0,105.0,99.89,100.16,313848,EQ,5205.0,60.3,188515.0
2025-01-22,100.0,101.29,95.32,97.08,398212,EQ,6052.0,65.8,189533.0
2025-01-23,98.5,99.94,97.24,98.18,188776,EQ,3793.0,49.77,81416.0
2025-01-24,98.01,99.46,95.0,95.47,182606,EQ,3671.0,49.74,90834.0
2025-01-27,94.1,95.25,90.6,91.87,297390,EQ,6214.0,47.86,131484.0
2025-01-28,92.0,93.01,86.0,90.25,450974,EQ,7429.0,60.7,224061.0
2025-01-29,91.0,95.91,91.0,95.52,314661,EQ,5952.0,52.87,114646.0
2025-01-30,95.3,96.91,89.69,92.31,324303,EQ,4917.0,65.96,146166.0
2025-01-31,88.6,90.54,86.59,89.24,888630,EQ,11938.0,74.44,386082.0
2025-02-01,89.0,98.16,89.0,94.15,412514,EQ,5390.0,76.53,146644.0
2025-02-03,93.25,93.25,86.92,87.18,459996,EQ,7516.0,61.2,237361.0
2025-02-04,88.6,92.8,88.6,89.75,307093,EQ,5205.0,59.0,153540.0
2025-02-05,89.43,92.75,89.42,90.73,326391,EQ,5943.0,54.92,162162.0
2025-02-06,91.25,92.74,89.7,90.46,296199,EQ,3557.0,83.27,138308.0
2025-02-07,91.9,92.08,88.96,89.94,316761,EQ,4828.0,65.61,137168.0
2025-02-10,89.78,90.75,85.6,87.02,272555,EQ,4111.0,66.3,144720.0
2025-02-11,87.54,87.71,81.05,82.08,556358,EQ,8111.0,68.59,318263.0
2025-02-12,81.1,83.68,77.71,81.53,653195,EQ,9184.0,71.12,286041.0
2025-02-13,83.0,83.83,80.58,81.26,282279,EQ,6054.0,46.63,114135.0
2025-02-14,81.69,82.68,75.81,77.39,435696,EQ,7718.0,56.45,236929.0
2025-02-17,76.01,79.79,74.07,76.13,678559,EQ,10468.0,64.82,304102.0
2025-02-18,76.01,77.38,73.36,75.26,507901,EQ,6570.0,77.31,305452.0
2025-02-19,75.77,78.28,75.26,77.33,390131,EQ,11507.0,33.9,169386.0
2025-02-20,77.43,84.78,77.25,81.68,1082330,EQ,12770.0,84.76,302575.0
2025-02-21,80.75,82.32,77.8,78.46,476678,EQ,9023.0,52.83,200362.0
2025-02-24,77.5,79.84,75.81,77.63,253116,EQ,4550.0,55.63,104935.0
2025-02-25,77.64,81.0,74.97,75.96,651978,EQ,8725.0,74.73,140871.0
2025-02-27,75.35,76.33,71.41,73.3,567563,EQ,7985.0,71.08,282241.0
2025-02-28,72.62,73.99,70.2,71.34,398086,EQ,6583.0,60.47,153030.0
2025-03-03,71.34,73.23,67.26,71.35,846321,EQ,8232.0,102.81,472848.0
2025-03-04,70.0,73.94,69.3,71.3,291162,EQ,5152.0,56.51,105948.0
2025-03-05,71.01,74.68,70.99,74.27,280007,EQ,4749.0,58.96,145072.0
2025-03-06,74.5,77.31,74.5,75.98,559636,EQ,5483.0,102.07,247469.0
2025-03-07,75.93,81.0,75.06,78.86,881561,EQ,9236.0,95.45,223257.0
2025-03-10,78.11,79.5,72.1,73.04,851351,EQ,8379.0,101.61,389137.0
2025-03-11,72.65,72.9,65.97,67.06,1123903,EQ,15208.0,73.9,657440.0
2025-03-12,67.06,69.8,67.06,68.78,635171,EQ,6379.0,99.57,248174.0
2025-03-13,68.81,69.05,66.0,66.41,510023,EQ,5051.0,100.97,287310.0
2025-03-17,67.0,68.79,60.73,61.26,1650947,EQ,12224.0,135.06,953244.0
2025-03-18,61.98,66.37,61.98,65.25,1396240,EQ,9507.0,146.86,402677.0
2025-03-19,65.5,70.69,65.5,69.91,936025,EQ,7581.0,123.47,418174.0
2025-03-20,70.95,74.55,70.25,71.52,1057918,EQ,17025.0,62.14,410713.0
2025-03-21,71.0,76.0,71.0,74.98,842749,EQ,19582.0,43.04,304192.0
2025-03-24,75.9,78.25,74.5,75.44,912728,EQ,15650.0,58.32,406879.0
2025-03-25,75.94,77.29,70.85,71.42,1112197,EQ,14326.0,77.63,594802.0
2025-03-26,72.0,72.99,69.75,69.98,812321,EQ,6086.0,133.47,491158.0
2025-03-27,70.29,72.84,69.3,71.9,1499564,EQ,12167.0,123.25,533467.0
2025-03-28,71.9,73.89,71.01,71.65,830229,EQ,8459.0,98.15,313114.0
2025-04-01,71.65,73.33,70.75,72.63,393750,EQ,9298.0,42.35,151860.0
2025-04-02,72.48,73.3,70.6,72.69,463864,EQ,9290.0,49.93,174639.0
2025-04-03,72.37,76.0,71.55,75.44,969953,EQ,13385.0,72.47,321701.0
2025-04-04,74.8,77.8,70.21,71.2,980529,EQ,11110.0,88.26,486308.0
2025-04-07,65.25,68.49,65.01,67.89,945610,EQ,15468.0,61.13,284142.0
2025-04-08,70.8,70.8,68.65,70.39,432741,EQ,5179.0,83.56,158591.0
2025-04-09,70.0,70.12,67.87,68.96,314497,EQ,6384.0,49.26,117758.0
2025-04-11,70.01,71.21,68.96,70.33,529795,EQ,6210.0,85.31,241871.0
2025-04-15,71.47,72.7,70.82,72.08,626568,EQ,10418.0,60.14,281646.0
2025-04-16,72.8,73.97,72.24,73.1,329642,EQ,6920.0,47.64,159908.0
2025-04-17,73.1,75.6,72.4,74.42,762279,EQ,11599.0,65.72,271588.0
2025-04-21,75.02,77.7,73.82,77.41,1211574,EQ,19322.0,62.7,537628.0
2025-04-22,77.8,78.81,76.5,77.69,628511,EQ,11048.0,56.89,230962.0
2025-04-23,78.39,83.21,78.2,80.88,2520574,EQ,40446.0,62.32,711363.0
2025-04-24,80.85,82.57,79.3,80.64,659394,EQ,8000.0,82.42,183670.0
2025-04-25,80.44,80.86,76.1,77.64,1066261,EQ,14002.0,76.15,309581.0
2025-04-28,76.71,77.65,75.92,76.59,613269,EQ,9958.0,61.59,173067.0
2025-04-29,77.07,79.0,76.29,77.29,490399,EQ,7664.0,63.99,183972.0
2025-04-30,77.47,78.0,73.95,74.53,456508,EQ,6928.0,65.89,186351.0
2025-05-02,74.52,76.83,74.22,74.98,266414,EQ,5134.0,51.89,84291.0
2025-05-05,75.09,79.64,74.1,78.77,1840501,EQ,21210.0,86.78,361458.0
2025-05-06,78.6,79.33,75.0,75.15,560460,EQ,7151.0,78.38,259711.0
2025-05-07,72.5,77.9,72.39,76.51,673937,EQ,7774.0,86.69,172768.0
2025-05-08,77.12,77.99,74.6,75.17,396321,EQ,5994.0,66.12,183230.0
2025-05-09,73.74,74.29,72.01,73.21,409048,EQ,6006.0,68.11,161709.0
2025-05-12,75.12,80.3,75.12,79.5,892523,EQ,11539.0,77.35,394989.0
2025-05-13,79.48,81.2,79.21,80.58,793396,EQ,10469.0,75.79,288065.0
2025-05-14,80.99,84.8,80.97,84.64,994921,EQ,11015.0,90.32,411317.0
2025-05-15,84.95,85.2,82.62,83.1,616265,EQ,8202.0,75.14,279776.0
2025-05-16,83.58,87.8,83.06,87.28,1087519,EQ,14857.0,73.2,438719.0
2025-05-19,88.8,89.33,86.59,87.59,1161741,EQ,15810.0,73.48,482108.0
2025-05-20,88.18,88.73,84.76,85.15,1645171,EQ,14491.0,113.53,1007085.0
2025-05-21,85.15,87.84,84.98,86.55,574202,EQ,8345.0,68.81,184130.0
2025-05-22,85.05,88.88,84.34,86.18,1031112,EQ,13065.0,78.92,390743.0
2025-05-23,86.28,88.85,86.28,87.36,617608,EQ,7626.0,80.99,229318.0
2025-05-26,87.45,87.58,84.5,85.04,552981,EQ,8945.0,61.82,327468.0
2025-05-27,84.89,87.6,84.51,86.95,858835,EQ,8379.0,102.5,351702.0
2025-05-28,87.15,87.37,85.55,85.87,511553,EQ,8145.0,62.81,312920.0
2025-05-29,86.75,87.45,84.7,85.27,792496,EQ,11819.0,67.05,409576.0
2025-05-30,85.2,86.3,83.5,84.03,621466,EQ,10799.0,57.55,297936.0
2025-06-02,84.1,87.4,84.1,85.04,1569855,EQ,19706.0,79.66,953525.0
2025-06-03,85.49,88.6,82.07,84.0,3367013,EQ,39295.0,85.69,1750436.0
2025-06-04,84.8,86.35,83.94,84.82,1343041,EQ,20305.0,66.14,632333.0
2025-06-05,85.24,87.79,84.9,85.05,1296554,EQ,15933.0,81.38,730677.0
2025-06-06,85.4,87.6,84.97,85.72,2625404,EQ,24427.0,107.48,1622990.0
2025-06-09,85.89,94.79,85.89,91.05,6332147,EQ,54299.0,116.62,2369043.0
2025-06-10,91.58,92.75,87.26,87.7,3016363,EQ,28833.0,104.61,1512613.0
2025-06-11,88.2,88.49,86.1,86.8,1712574,EQ,21240.0,80.63,849680.0
2025-06-12,87.3,88.46,83.4,83.78,1545711,EQ,14476.0,106.78,772389.0
2025-06-13,81.97,82.64,80.57,81.53,1786428,EQ,21682.0,82.39,903073.0
2025-06-16,81.9,83.72,79.52,83.39,1288390,EQ,13562.0,95.0,539033.0
2025-06-17,83.7,84.8,81.4,83.08,1237335,EQ,12352.0,100.17,578151.0
2025-06-18,82.9,83.0,79.71,80.63,1115735,EQ,10125.0,110.2,450345.0
2025-06-19,80.62,81.54,78.27,78.54,739220,EQ,7521.0,98.29,286036.0
2025-06-20,78.31,80.09,78.11,79.8,486234,EQ,6147.0,79.1,164460.0
2025-06-23,79.0,80.88,78.4,80.37,724462,EQ,7173.0,101.0,282621.0
2025-06-24,81.95,84.4,80.3,82.4,2788229,EQ,20565.0,135.58,860650.0
2025-06-25,83.05,86.48,83.01,86.06,1379878,EQ,15577.0,88.58,587279.0
2025-06-26,86.49,87.28,84.32,85.3,677107,EQ,6729.0,100.63,275432.0
2025-06-27,84.75,86.81,84.75,86.18,677194,EQ,6827.0,99.19,284248.0
2025-06-30,86.45,87.21,85.75,86.11,618726,EQ,6751.0,91.65,284831.0
2025-07-01,86.19,87.71,85.59,86.19,674444,EQ,5862.0,115.05,255089.0
2025-07-02,86.19,86.64,84.61,85.2,453708,EQ,4476.0,101.36,180821.0
2025-07-03,85.3,86.72,84.82,86.26,581281,EQ,5207.0,111.63,207075.0
2025-07-04,86.4,86.82,85.12,85.95,435586,EQ,4127.0,105.55,213455.0
2025-07-07,85.9,87.2,84.97,85.33,477689,EQ,6082.0,78.54,197984.0
2025-07-08,85.33,86.44,83.56,84.65,516580,EQ,6240.0,82.79,239335.0
2025-07-09,84.99,85.58,84.29,85.0,421588,EQ,5290.0,79.7,207390.0
2025-07-10,85.37,86.04,84.79,85.26,494207,EQ,4928.0,100.29,275535.0
2025-07-11,84.0,84.52,81.4,81.89,671113,EQ,8100.0,82.85,418393.0
2025-07-14,82.0,82.7,81.12,82.27,384605,EQ,5209.0,73.83,198552.0
2025-07-15,82.24,83.45,81.6,82.29,682597,EQ,7441.0,91.73,357975.0
2025-07-16,80.0,80.0,75.25,75.8,3682579,EQ,27998.0,131.53,2016200.0
2025-07-17,76.05,77.8,76.0,76.66,1303024,EQ,11774.0,110.67,547216.0
2025-07-18,76.94,77.19,75.31,75.53,956548,EQ,9619.0,99.44,515911.0
2025-07-21,76.0,76.53,74.9,75.25,699491,EQ,6874.0,101.76,381279.0
2025-07-22,75.61,75.93,74.9,75.1,346079,EQ,4611.0,75.06,205781.0
2025-07-23,75.11,75.66,74.6,75.37,402828,EQ,4104.0,98.15,221342.0
2025-07-24,75.64,75.75,74.7,74.94,291291,EQ,3379.0,86.21,136826.0
2025-07-25,74.6,75.6,74.0,74.59,465413,EQ,4975.0,93.55,245439.0
2025-07-28,74.12,74.5,71.6,72.4,653428,EQ,7731.0,84.52,377808.0
2025-07-29,71.5,74.92,70.41,74.02,1015300,EQ,9103.0,111.53,445673.0
2025-07-30,74.39,75.34,72.52,73.03,599659,EQ,5914.0,101.4,218096.0
2025-07-31,72.01,73.99,71.51,73.05,408865,EQ,4763.0,85.84,177392.0
2025-08-01,72.55,73.73,72.55,73.26,215684,EQ,3297.0,65.42,121695.0
2025-08-04,73.2,73.59,72.5,73.2,230739,EQ,3074.0,75.06,89195.0
2025-08-05,73.0,73.9,72.5,72.87,230914,EQ,2537.0,91.02,125572.0
2025-08-06,72.51,73.26,71.05,72.17,352594,EQ,4509.0,78.2,178740.0
2025-08-07,71.25,72.79,70.8,72.1,346693,EQ,3538.0,97.99,164394.0
2025-08-08,72.0,72.74,71.1,71.81,372510,EQ,2878.0,129.43,246009.0
2025-08-11,72.0,72.8,71.25,72.08,295162,EQ,4396.0,67.14,138619.0
2025-08-12,71.9,72.69,71.81,72.25,196142,EQ,3027.0,64.8,95071.0
2025-08-13,72.01,73.44,71.75,72.84,401993,EQ,4238.0,94.85,180266.0
2025-08-14,72.84,73.94,72.4,72.49,223761,EQ,2832.0,79.01,91597.0
2025-08-18,73.0,74.7,73.0,73.87,295136,EQ,3652.0,80.81,173298.0
2025-08-19,73.59,75.85,73.5,75.49,425563,EQ,4974.0,85.56,218187.0
2025-08-20,75.27,76.2,75.0,75.5,351637,EQ,4773.0,73.67,187230.0
2025-08-21,75.4,76.67,74.36,74.77,331803,EQ,4416.0,75.14,141766.0
2025-08-22,74.5,75.48,73.22,73.46,397720,EQ,4596.0,86.54,215011.0
2025-08-25,73.46,74.38,73.2,73.79,235576,EQ,3032.0,77.7,124653.0
2025-08-26,73.15,73.79,71.56,72.1,306372,EQ,4158.0,73.68,144773.0
2025-08-28,71.57,72.19,70.71,71.5,325178,EQ,4807.0,67.65,171470.0
2025-08-29,71.2,72.8,71.1,71.29,247926,EQ,3487.0,71.1,113060.0
2025-09-01,71.1,72.69,71.05,72.44,251799,EQ,3372.0,74.67,125115.0
2025-09-02,73.1,74.85,72.2,74.11,465467,EQ,5881.0,79.15,195896.0
2025-09-03,74.0,77.67,74.0,77.26,1192539,EQ,15213.0,78.39,610266.0
2025-09-04,77.7,77.99,76.0,76.37,332026,EQ,5503.0,60.34,184647.0
2025-09-05,75.67,76.95,75.18,76.11,282065,EQ,5551.0,50.81,116996.0
2025-09-08,76.7,76.7,75.46,75.74,331290,EQ,4279.0,77.42,207332.0
2025-09-09,75.98,76.33,74.4,74.87,188340,EQ,2869.0,65.65,118507.0
2025-09-10,75.15,76.0,74.9,75.11,268745,EQ,3559.0,75.51,121241.0
2025-09-11,75.62,76.8,75.01,75.96,981146,EQ,7608.0,128.96,629554.0
2025-09-12,76.19,76.48,74.76,74.97,272282,EQ,4022.0,67.7,142195.0
2025-09-15,74.8,76.5,74.75,76.11,485693,EQ,5853.0,82.98,249455.0
2025-09-16,76.44,77.18,75.67,76.76,344729,EQ,4241.0,81.28,186528.0
2025-09-17,77.18,77.8,75.1,76.36,341371,EQ,5130.0,66.54,181064.0
2025-09-18,76.36,77.2,76.3,76.8,184655,EQ,2760.0,66.9,113937.0
2025-09-19,76.94,78.95,74.54,77.35,675615,EQ,8079.0,83.63,281504.0
2025-09-22,76.66,77.64,75.75,76.33,275234,EQ,5896.0,46.68,142427.0
2025-09-23,76.5,85.39,75.92,82.5,4045745,EQ,47398.0,85.36,1409893.0
2025-09-24,82.94,84.88,80.0,80.43,1375990,EQ,24762.0,55.57,385990.0
2025-09-25,79.79,80.4,78.14,78.53,490257,EQ,11070.0,44.29,259596.0
2025-09-26,78.11,79.66,76.63,79.09,970339,EQ,19616.0,49.47,503463.0
2025-09-29,79.09,81.1,76.68,77.93,1215317,EQ,19349.0,62.81,632187.0
2025-09-30,78.0,78.8,77.45,78.35,290502,EQ,7035.0,41.29,109961.0
2025-10-01,77.75,79.21,77.5,78.15,331548,EQ,7254.0,45.71,156765.0
2025-10-03,77.85,80.75,77.85,79.3,634290,EQ,13160.0,48.2,284070.0
2025-10-06,79.3,79.55,77.7,78.33,337523,EQ,9666.0,34.92,191931.0
2025-10-07,77.55,78.64,77.55,78.11,237273,EQ,3756.0,63.17,154053.0
2025-10-08,77.6,79.67,77.6,78.58,252975,EQ,4036.0,62.68,111900.0
2025-10-09,78.75,78.85,77.18,77.6,232487,EQ,5107.0,45.52,121843.0
2025-10-10,77.5,78.67,77.5,77.98,174974,EQ,2535.0,69.02,85423.0
2025-10-13,77.98,79.98,77.5,78.2,339297,EQ,8044.0,42.18,131686.0
2025-10-14,78.2,82.39,78.2,79.68,1525808,EQ,20047.0,76.11,569730.0
2025-10-15,79.48,80.23,78.4,79.27,371569,EQ,6776.0,54.84,201915.0
2025-10-16,79.27,81.0,79.2,79.48,270137,EQ,5729.0,47.15,114006.0
2025-10-17,78.62,80.49,78.6,78.75,357341,EQ,7439.0,48.04,135910.0
2025-10-20,79.01,80.76,77.49,78.57,980669,EQ,16501.0,59.43,418541.0
2025-10-21,76.5,79.9,73.11,77.36,2025380,EQ,15661.0,129.33,403028.0
2025-10-23,76.0,77.15,74.1,74.6,1216624,EQ,12174.0,99.94,498595.0
2025-10-24,74.55,74.56,72.86,73.18,693836,EQ,9199.0,75.43,406215.0
2025-10-27,73.5,75.25,73.4,74.93,572002,EQ,7422.0,77.07,227746.0
2025-10-28,74.89,74.89,74.0,74.21,233353,EQ,4820.0,48.41,127784.0
2025-10-29,74.15,75.05,73.61,74.55,261252,EQ,2038.0,128.19,151111.0
2025-10-30,74.25,75.25,74.2,74.42,201716,EQ,1954.0,103.23,122647.0
2025-10-31,74.12,74.4,73.85,74.01,247264,EQ,1438.0,171.95,161224.0
2025-11-03,74.0,74.2,72.75,72.94,249745,EQ,2146.0,116.38,164800.0
2025-11-04,73.23,73.48,72.2,72.41,215890,EQ,2864.0,75.38,137284.0
2025-11-06,72.5,72.5,70.85,72.01,225632,EQ,2461.0,91.68,137301.0
2025-11-07,71.2,73.32,71.2,72.25,260649,EQ,2431.0,107.22,129743.0
2025-11-10,72.1,72.41,70.77,71.04,208676,EQ,3407.0,61.25,131482.0
2025-11-11,70.85,71.09,70.05,70.66,220697,EQ,4116.0,53.62,129454.0
2025-11-12,70.7,72.03,70.36,71.49,327087,EQ,4968.0,65.84,158370.0
2025-11-13,71.66,72.85,71.4,72.09,256627,EQ,2300.0,111.58,140719.0
2025-11-14,71.55,76.4,71.55,75.58,1255363,EQ,7131.0,176.04,506222.0
2025-11-17,76.0,77.69,75.16,75.73,538047,EQ,5334.0,100.87,271985.0
2025-11-18,75.4,75.75,74.31,75.01,345579,EQ,3629.0,95.23,193865.0
2025-11-19,75.01,75.7,74.67,75.18,383163,EQ,2145.0,178.63,219866.0
2025-11-20,75.5,75.5,73.7,73.98,211734,EQ,2373.0,89.23,103626.0
2025-11-21,73.29,74.29,72.51,72.59,223883,EQ,3730.0,60.02,148035.0
2025-11-24,72.55,72.84,70.7,71.2,248215,EQ,2406.0,103.17,149839.0
2025-11-25,71.25,71.35,70.0,70.4,322936,EQ,3324.0,97.15,213651.0
2025-11-26,70.02,73.1,70.02,72.16,761884,EQ,5880.0,129.57,406269.0
2025-11-27,72.2,72.8,68.6,70.52,2245656,EQ,7607.0,295.21,1053582.0
2025-11-28,70.2,77.05,69.82,73.98,4696599,EQ,18542.0,253.3,1787665.0
2025-12-01,74.5,74.56,72.32,72.72,299964,EQ,3367.0,89.09,162138.0
2025-12-02,72.35,72.51,71.06,71.26,289867,EQ,2787.0,104.01,177264.0
2025-12-03,70.96,71.88,70.01,70.51,345884,EQ,3127.0,110.61,211771.0
2025-12-04,70.02,71.48,70.02,71.17,324757,EQ,3588.0,90.51,194244.0
2025-12-05,71.1,71.64,70.5,70.73,142873,EQ,2136.0,66.89,50023.0
2025-12-08,70.25,71.74,68.65,69.05,437614,EQ,4237.0,103.28,258175.0
2025-12-09,68.9,69.83,67.71,69.67,406927,EQ,3936.0,103.39,228462.0
2025-12-10,69.32,70.69,69.01,69.39,209634,EQ,2765.0,75.82,104379.0
2025-12-11,69.39,70.59,69.05,70.17,313933,EQ,3205.0,97.95,129611.0
2025-12-12,70.01,70.87,69.6,69.92,241039,EQ,2427.0,99.32,124197.0
2025-12-15,69.99,78.0,67.49,75.44,96423016,EQ,190883.0,505.14,44132455.0
2025-12-16,76.5,80.35,75.56,79.23,11638006,EQ,40381.0,288.2,1984874.0
2025-12-17,79.0,82.6,78.0,81.04,9914554,EQ,34626.0,286.33,1376734.0
2025-12-18,79.85,80.85,78.8,79.15,2232801,EQ,10254.0,217.75,725339.0
2025-12-19,79.78,82.1,77.62,78.52,1555857,EQ,7633.0,203.83,241732.0
2025-12-22,79.29,79.38,77.0,78.28,1115370,EQ,8513.0,131.02,540383.0
2025-12-23,78.8,80.05,77.54,79.67,963390,EQ,7480.0,128.8,327769.0
2025-12-24,79.67,80.45,77.6,77.92,617079,EQ,6574.0,93.87,239675.0
2025-12-26,77.6,78.33,76.2,76.65,510362,EQ,5927.0,86.11,220120.0
2025-12-29,76.2,78.65,74.15,74.69,746412,EQ,8225.0,90.75,366193.0
2025-12-30,74.5,74.8,73.2,73.63,378203,EQ,3791.0,99.76,168376.0
2025-12-31,74.49,75.35,73.7,74.23,917521,EQ,4560.0,201.21,507790.0
2026-01-01,73.8,76.0,73.8,74.33,487409,EQ,3683.0,132.34,259368.0
2026-01-02,74.0,76.0,74.0,75.77,730998,EQ,13327.0,54.85,370462.0
2026-01-05,74.99,74.99,72.05,73.33,1819090,EQ,16840.0,108.02,739471.0
2026-01-06,73.68,73.68,72.0,72.59,843005,EQ,9026.0,93.4,422370.0
2026-01-07,72.5,75.6,72.35,75.2,1971090,EQ,16866.0,116.87,853096.0
2026-01-08,75.85,76.01,72.5,72.87,946397,EQ,8886.0,106.5,399039.0
2026-01-09,72.3,73.44,71.32,72.37,697164,EQ,6034.0,115.54,308158.0
2026-01-12,71.45,72.65,69.98,72.12,871982,EQ,8757.0,99.58,359694.0
2026-01-13,72.47,73.96,72.16,72.88,543711,EQ,4355.0,124.85,177334.0
2026-01-14,72.95,73.66,72.0,73.28,417520,EQ,4168.0,100.17,200453.0
2026-01-16,73.87,74.0,72.48,72.72,700833,EQ,4903.0,142.94,329722.0
2026-01-19,71.0,71.5,69.36,70.49,746975,EQ,5798.0,128.83,291065.0
2026-01-20,69.84,70.25,67.61,68.76,796656,EQ,7170.0,111.11,402850.0
2026-01-21,68.2,69.87,67.03,69.12,607798,EQ,4998.0,121.61,260240.0
2026-01-22,69.12,70.24,68.5,69.41,516007,EQ,4811.0,107.26,200046.0
2026-01-23,69.01,70.1,67.8,68.29,484091,EQ,3832.0,126.33,241769.0
2026-01-27,68.36,68.69,65.0,65.4,742425,EQ,6693.0,110.93,320538.0
2026-01-28,65.67,69.0,65.67,68.4,629315,EQ,3950.0,159.32,314781.0
2026-01-29,68.66,68.92,66.15,66.74,505718,EQ,4762.0,106.2,257239.0
2026-01-30,66.0,68.05,65.45,67.81,437230,EQ,4428.0,98.74,207312.0
2026-02-01,67.48,69.69,66.56,68.29,758077,EQ,4510.0,168.09,394396.0
2026-02-02,68.29,70.4,66.24,69.84,501717,EQ,3815.0,131.51,270336.0
2026-02-03,73.8,73.8,69.24,71.08,477664,EQ,3958.0,120.68,246185.0
2026-02-04,70.18,72.4,70.18,72.15,424396,EQ,3225,131.6,251278
2026-02-05,71.21,72.44,70.75,71.55,234537,EQ,2710,86.55,115805
2026-02-06,70.68,71.62,70.3,71.17,200917,EQ,1785,112.56,115829
2026-02-09,71.5,72.47,70.8,71.81,259600,EQ,2831,91.7,142692
2026-02-10,71.81,72.96,71.0,71.87,522282,EQ,3638,143.56,279169
2026-02-11,71.87,72.23,69.9,70.47,368980,EQ,2748,134.27,212554
2026-02-12,69.51,71.04,69.51,70.74,188700,EQ,1503,125.55,97488
2026-02-13,69.7,70.38,68.79,69.39,255024,EQ,2160,118.07,141344
2026-02-16,69.35,69.35,65.36,67.19,673163,EQ,4948,136.05,303973
2026-02-17,66.3,68.28,66.1,67.81,215478,EQ,1920,112.23,118765
2026-02-18,68.0,68.39,67.45,68.15,220260,EQ,1761,125.08,100351
2026-02-19,67.6,68.64,66.9,67.43,423341,EQ,3702,114.35,230435
2026-02-20,67.2,67.61,65.8,66.06,349620,EQ,2594,134.78,175981
2026-02-23,66.25,66.95,65.5,65.83,219957,EQ,1523,144.42,105252
2026-02-24,65.5,66.9,65.01,65.41,299516,EQ,1978,151.42,139042
2026-02-25,65.57,65.67,64.08,64.55,251724,EQ,1883,133.68,143930
2026-02-26,64.11,64.99,63.55,63.7,209694,EQ,1915,109.5,116185
2026-02-27,63.51,64.09,62.89,63.16,306001,EQ,2517,121.57,163820
2026-03-02,60.1,62.41,60.1,61.75,506416,EQ,3324,152.35,273806
2026-03-04,61.5,61.5,59.43,60.32,419931,EQ,4115,102.05,214060
2026-03-05,60.0,62.0,60.0,61.48,424894,EQ,3708,114.59,211766
2026-03-06,61.0,62.9,60.1,60.64,283077,EQ,2473,114.47,164562
2026-03-09,59.55,60.07,57.58,58.57,541750,EQ,4424,122.46,272141
2026-03-10,58.85,60.4,58.66,60.25,541807,EQ,3414,158.7,354207
2026-03-11,60.25,61.9,59.41,59.87,582198,EQ,3652,159.42,315718
2026-03-12,59.1,60.35,58.6,59.53,470795,EQ,3148,149.55,285272
2026-03-13,59.0,59.47,57.71,58.83,410359,EQ,3329,123.27,227878
2026-03-16,58.81,58.81,56.12,57.05,527893,EQ,4190,125.99,277492
2026-03-17,57.05,59.79,56.21,56.66,459609,EQ,3383,135.86,227066
2026-03-18,57.0,61.54,56.88,60.09,693926,EQ,4090,169.66,327496
2026-03-19,58.3,59.19,57.8,58.39,300588,EQ,2581,116.46,170058
2026-03-20,58.75,60.35,57.61,59.93,498418,EQ,4610,108.12,273952
2026-03-23,59.03,59.51,57.16,57.34,659352,EQ,4079,161.65,424227
2026-03-24,59.5,59.5,56.0,56.35,649160,EQ,3878,167.4,369850
2026-03-25,56.5,59.8,56.5,58.37,714419,EQ,5789,123.41,412642
2026-03-27,57.15,57.91,55.6,55.92,803205,EQ,4006,200.5,584749
2026-03-30,55.5,55.57,50.86,52.54,1315677,EQ,7530,174.72,748584
2026-04-01,54.0,58.1,53.55,57.14,720317,EQ,3805,189.31,320597
2026-04-02,55.5,58.1,54.4,57.64,466958,EQ,3591,130.04,241219
2026-04-06,57.64,58.34,56.11,57.73,360998,EQ,3224,111.97,187456
2026-04-07,57.12,60.0,56.34,58.68,465343,EQ,3655,127.32,215592
2026-04-08,61.0,63.6,59.68,62.61,829318,EQ,5009,165.57,493501
2026-04-09,62.61,64.33,61.8,62.31,395218,EQ,3216,122.89,196385
2026-04-10,63.5,65.0,62.5,64.21,432429,EQ,2381,181.62,206422
2026-04-13,63.0,63.5,61.0,62.5,492282,EQ,3222,152.79,256462
2026-04-15,63.24,65.5,63.24,64.89,760444,EQ,3668,207.32,412549
2026-04-16,65.9,65.9,64.27,64.88,268203,EQ,2784,96.34,132014
2026-04-17,65.9,68.0,65.47,67.68,635160,EQ,4493,141.37,316054
2026-04-20,67.68,69.64,66.01,67.86,778802,EQ,5460,142.64,414509
2026-04-21,68.38,68.44,67.0,67.23,311874,EQ,2363,131.98,156503
2026-04-22,67.05,68.5,66.7,66.81,285199,EQ,2088,136.59,151694
2026-04-23,66.8,67.53,66.2,66.45,269953,EQ,1787,151.06,93839
2026-04-24,66.2,66.98,62.51,64.23,566734,EQ,3520,161.0,324456
2026-04-27,64.17,65.9,63.96,65.64,338043,EQ,2464,137.19,192072
2026-04-28,65.64,66.82,65.1,65.88,197085,EQ,1792,109.98,97244
2026-04-29,66.9,67.6,63.7,64.07,540588,EQ,3505,154.23,306980
2026-04-30,64.07,65.53,62.0,64.43,626090,EQ,4403,142.2,203558
2026-05-04,64.43,65.9,64.42,65.09,387465,EQ,2287,169.42,279520
2026-05-05,64.5,65.39,64.05,64.57,326339,EQ,2555,127.73,114435
2026-05-06,64.6,68.75,64.6,67.77,683418,EQ,3886,175.87,387738
2026-05-07,68.2,69.49,67.86,68.43,487341,EQ,3472,140.36,266239
2026-05-08,68.77,72.23,68.43,71.43,1216268,EQ,6518,186.6,668335
2026-05-11,71.49,72.3,69.5,69.86,526807,EQ,3822,137.84,233883
2026-05-12,70.02,70.79,67.8,69.74,684046,EQ,11118,61.53,398208
2026-05-13,69.33,73.79,69.07,72.94,777296,EQ,5689,136.63,449843
2026-05-14,72.5,74.47,71.48,72.92,561546,EQ,3869,145.14,280952
2026-05-15,72.11,76.39,71.85,73.94,1056302,EQ,7960,132.7,498552
2026-05-18,73.0,75.0,70.75,73.16,541314,EQ,6758,80.1,225442
2026-05-19,73.3,75.25,72.45,75.0,501714,EQ,4173,120.23,291606
2026-05-20,74.86,75.29,73.39,74.67,367248,EQ,3058,120.09,187175
2026-05-21,74.94,76.25,74.01,74.78,370694,EQ,4163,89.04,178532
2026-05-22,74.8,74.88,73.0,73.38,378042,EQ,2632,143.63,184975
2026-05-25,74.0,76.5,73.6,75.42,644445,EQ,4259,151.31,353683
2026-05-26,75.04,76.38,74.3,75.63,423373,EQ,3271,129.43,205642
2026-05-27,74.94,76.06,73.8,74.32,317537,EQ,3206,99.04,159671
2026-05-29,74.26,75.11,72.0,72.93,258444,EQ,2395,107.91,142330
2026-06-01,73.3,73.69,70.57,70.97,336595,EQ,2667,126.21,181013
2026-06-02,70.6,72.5,69.41,72.15,200987,EQ,1944,103.39,101315
2026-06-03,71.81,73.04,70.86,72.6,204954,EQ,1755,116.78,101346
2026-06-04,72.0,75.75,72.0,74.92,675433,EQ,4752,142.14,358914
2026-06-05,75.1,77.5,74.05,76.82,850052,EQ,5895,144.2,517527
2026-06-08,76.24,76.24,72.5,72.86,490335,EQ,3356,146.11,192907
2026-06-09,72.9,74.63,72.9,73.89,151601,EQ,2016,75.2,65290
2026-06-10,73.8,75.34,71.09,72.24,269011,EQ,2445,110.02,129290
2026-06-11,71.53,73.51,71.18,73.11,231320,EQ,1394,165.94,119703
2026-06-12,73.21,75.28,73.21,75.02,238586,EQ,2379,100.29,147548
2026-06-15,76.0,78.1,75.55,76.49,549609,EQ,4357,126.14,258555
2026-06-16,76.76,79.39,76.01,78.03,513611,EQ,4252,120.79,242992
2026-06-17,78.0,79.5,77.46,79.09,506489,EQ,3904,129.74,272750
2026-06-18,79.0,79.83,77.06,77.69,321646,EQ,2728,117.91,153653
2026-06-19,77.69,78.99,77.2,78.35,315691,EQ,2454,128.64,158668
2026-06-22,78.0,80.53,78.0,78.81,394211,EQ,4156,94.85,179193
2026-06-23,78.81,81.0,78.25,78.54,492924,EQ,3504,140.67,267285
2026-06-24,78.68,79.75,78.05,79.04,308121,EQ,3030,101.69,143580
2026-06-25,79.72,80.0,78.1,79.25,331706,EQ,3674,90.28,199898
2026-06-29,79.02,79.53,75.2,77.17,390091,EQ,3036,128.49,232767
2026-06-30,77.17,78.54,77.0,77.63,171518,EQ,2316,74.06,101502
2026-07-01,77.45,79.44,77.1,78.31,302465,EQ,4847,62.4,132163
2026-07-02,78.39,79.2,77.9,78.97,183156,EQ,2290,79.98,109099
2026-07-03,79.5,81.0,78.97,79.52,341190,EQ,3908,87.31,152764
2026-07-06,78.9,80.49,78.61,80.11,356576,EQ,2798,127.44,231524
2026-07-07,79.71,80.57,78.79,79.52,200618,EQ,2281,87.95,102711
2026-07-08,79.0,79.86,76.04,77.13,291615,EQ,3550,82.15,148370
2026-07-09,77.5,79.62,77.5,79.16,309817,EQ,3072,100.85,181553
2026-07-10,78.35,80.09,78.05,79.4,323675,EQ,3944,82.07,155430
2026-07-13,78.5,82.4,78.5,82.03,730407,EQ,5649,129.3,399352
2026-07-14,81.07,82.8,80.0,80.73,341464,EQ,4747,71.93,188170
2026-07-15,80.73,82.49,80.11,81.84,425468,EQ,5470,77.78,205377
2026-07-16,81.61,83.56,81.5,82.49,528342,EQ,6893,76.65,270832
2026-07-17,82.34,82.34,79.82,81.08,323801,EQ,4614,70.18,180236
2026-07-20,81.98,83.92,80.7,82.92,491188,EQ,4782,102.72,275682
2026-07-21,81.7,83.9,81.7,82.0,285724,EQ,3846,74.29,155483
2026-07-22,82.25,82.81,80.53,81.44,279180,EQ,2634,105.99,149660
2026-07-23,77.25,79.7,77.0,78.65,876174,EQ,11869,73.82,458046
2026-07-24,77.7,78.44,75.0,76.15,471512,EQ,5013,94.06,222409
2026-07-27,76.19,77.98,75.0,75.16,251893,EQ,2487,101.28,135699
2026-07-28,75.16,76.7,72.1,72.89,307134,EQ,4119,74.57,153714
2026-07-29,73.4,76.1,73.4,75.38,354201,EQ,4296,82.45,204351
2026-07-30,75.8,76.9,74.51,75.44,239844,EQ,2819,85.08,121523
2026-07-31,75.2,77.4,74.69,76.36,270565,EQ,2634,102.72,131838
2026-08-03,77.89,77.89,75.9,77.52,231942,EQ,2922,79.38,123468
2026-08-04,77.4,79.8,76.76,78.17,254561,EQ,2963,85.91,153208
2026-08-05,78.98,79.63,76.25,76.95,224604,EQ,4117,54.56,121170
2026-08-06,77.0,79.8,76.62,78.54,345365,EQ,4471,77.25,151475
2026-08-07,78.49,78.94,76.51,77.02,201133,EQ,4206,47.82,123780
2026-08-10,76.9,79.35,76.2,77.66,290911,EQ,3546,82.04,133173
2026-08-11,77.74,78.48,76.36,76.78,146265,EQ,3714,39.38,79450
2026-08-12,77.09,78.17,74.67,77.7,412527,EQ,5311,77.67,249343
2026-08-13,78.0,81.5,77.86,79.9,824733,EQ,9004,91.6,424503
2026-08-14,81.45,81.45,78.78,80.37,407474,EQ,5800,70.25,194724
2026-08-17,80.01,81.5,78.32,79.31,493700,EQ,6067,81.37,252980
2026-08-18,79.31,81.61,79.31,80.24,250678,EQ,3960,63.3,141160
2026-08-19,80.69,81.03,79.8,80.01,177787,EQ,2180,81.55,109520
2026-08-20,79.86,82.9,79.8,80.79,378872,EQ,3460,109.5,205669
2026-08-21,81.2,81.64,80.1,80.72,320094,EQ,2736,116.99,182948
2026-08-24,79.88,85.3,79.12,82.98,1723140,EQ,12148,141.85,583781
2026-08-25,82.9,83.84,80.3,80.63,397241,EQ,3157,125.83,217657
2026-08-26,81.0,81.48,80.43,80.86,179854,EQ,2251,79.9,108517
2026-08-27,81.07,83.47,80.0,82.64,354474,EQ,3649,97.14,207749
2026-08-28,82.64,85.25,81.4,83.7,785239,EQ,6136,127.97,371551
2026-08-31,83.7,84.97,81.8,83.32,465538,EQ,3661,127.16,233072
2026-09-01,82.79,84.09,82.15,83.22,272219,EQ,2794,97.43,160619
2026-09-02,83.0,83.22,81.77,82.76,225428,EQ,2670,84.43,130094
2026-09-03,82.97,86.5,82.1,82.77,1016535,EQ,7605,133.67,403171
2026-09-04,82.79,83.9,82.31,82.72,332909,EQ,2910,114.4,180191
2026-09-07,82.96,83.68,82.1,82.78,197271,EQ,2051,96.18,103187
2026-09-08,82.95,83.04,77.85,81.08,342199,EQ,2306,148.4,166259
2026-09-09,80.25,81.25,79.47,80.12,235168,EQ,2078,113.17,130744
2026-09-10,80.12,80.93,79.01,79.47,255965,EQ,2638,97.03,123915
